NaN,-25.609,1.5708
NaN,-25.509,1.5708
NaN,-25.409,1.5708
NaN,-25.309,1.5708
NaN,-25.209,1.5708
NaN,-25.109,1.5708
NaN,-25.009,1.5708
NaN,-24.909,1.5708
NaN,-24.809,1.5708
NaN,-24.709,1.5708
NaN,-24.609,1.5708
NaN,-24.509,1.5708
-14.938,-24.409,1.5702
-14.935,-24.309,1.5681
-14.933,-24.209,1.5659
-14.931,-24.109,1.5638
-14.928,-24.009,1.5617
-14.926,-23.909,1.5596
-14.923,-23.809,1.5575
-14.921,-23.709,1.5553
-14.919,-23.609,1.5532
-14.916,-23.509,1.5511
-14.914,-23.409,1.549
-14.911,-23.309,1.5469
-14.906,-23.209,1.5444
-14.901,-23.109,1.5419
-14.896,-23.009,1.5394
-14.891,-22.909,1.537
-14.886,-22.809,1.5345
-14.881,-22.709,1.532
-14.876,-22.609,1.5295
-14.87,-22.509,1.5271
-14.865,-22.409,1.5246
-14.86,-22.309,1.5221
-14.855,-22.209,1.5196
-14.847,-22.109,1.5168
-14.839,-22.009,1.5139
-14.83,-21.909,1.511
-14.822,-21.809,1.5081
-14.814,-21.709,1.5053
-14.806,-21.609,1.5024
-14.797,-21.509,1.4995
-14.789,-21.409,1.4966
-14.781,-21.309,1.4937
-14.772,-21.209,1.4909
-14.764,-21.109,1.4878
-14.75,-21.009,1.483
-14.737,-20.909,1.4781
-14.723,-20.809,1.4733
-14.71,-20.709,1.4684
-14.696,-20.609,1.4635
-14.682,-20.509,1.4587
-14.669,-20.409,1.4538
-14.655,-20.309,1.4489
-14.642,-20.209,1.4441
-14.628,-20.109,1.4392
-14.612,-20.009,1.4336
-14.591,-19.909,1.4263
-14.569,-19.809,1.419
-14.548,-19.709,1.4117
-14.527,-19.609,1.4044
-14.505,-19.509,1.3971
-14.484,-19.409,1.3898
-14.463,-19.309,1.3825
-14.441,-19.209,1.3752
-14.42,-19.109,1.3679
-14.399,-19.009,1.3606
-14.367,-18.909,1.3506
-14.335,-18.809,1.3405
-14.303,-18.709,1.3305
-14.271,-18.609,1.3204
-14.239,-18.509,1.3103
-14.207,-18.409,1.3003
-14.175,-18.309,1.2902
-14.143,-18.209,1.2801
-14.111,-18.109,1.2701
-14.077,-18.009,1.2597
-14.031,-17.909,1.2464
-13.985,-17.809,1.2331
-13.938,-17.709,1.2199
-13.892,-17.609,1.2066
-13.846,-17.509,1.1933
-13.8,-17.409,1.18
-13.753,-17.309,1.1667
-13.707,-17.209,1.1534
-13.661,-17.109,1.1401
-13.599,-17.009,1.1242
-13.534,-16.909,1.1077
-13.469,-16.809,1.0912
-13.403,-16.709,1.0747
-13.338,-16.609,1.0582
-13.273,-16.509,1.0417
-13.207,-16.409,1.0252
-13.142,-16.309,1.0087
-13.076,-16.209,0.99216
-12.986,-16.109,0.97226
-12.895,-16.009,0.95231
-12.804,-15.909,0.93236
-12.712,-15.809,0.9124
-12.621,-15.709,0.89245
-12.53,-15.609,0.8725
-12.439,-15.509,0.85254
-12.348,-15.409,0.83259
-12.223,-15.309,0.81018
-12.097,-15.209,0.78767
-11.97,-15.109,0.76516
-11.844,-15.009,0.74265
-11.718,-14.909,0.72014
-11.591,-14.809,0.69763
-11.465,-14.709,0.67512
-11.301,-14.609,0.65112
-11.125,-14.509,0.62663
-10.949,-14.409,0.60215
-10.773,-14.309,0.57766
-10.597,-14.209,0.55317
-10.421,-14.109,0.52868
-10.207,-14.009,0.50359
-9.9559,-13.909,0.47788
-9.7048,-13.809,0.45217
-9.4536,-13.709,0.42647
-9.2025,-13.609,0.40076
-8.9326,-13.509,0.37469
-8.5579,-13.409,0.34659
-8.1832,-13.309,0.31848
-7.8086,-13.209,0.29038
-7.4339,-13.109,0.26228
-7.0633,-13.009,0.26147
-6.693,-12.909,0.26216
-6.3227,-12.809,0.26284
-5.9523,-12.709,0.26353
-5.6667,-12.609,0.2793
-5.4172,-12.509,0.30151
-5.1678,-12.409,0.32372
-4.9183,-12.309,0.34593
-4.6689,-12.209,0.36815
-4.4499,-12.109,0.3901
-4.2748,-12.009,0.41169
-4.0997,-11.909,0.43327
-3.9247,-11.809,0.45486
-3.7496,-11.709,0.47644
-3.5746,-11.609,0.49802
-3.4009,-11.509,0.5196
-3.2757,-11.409,0.54101
-3.1505,-11.309,0.56241
-3.0252,-11.209,0.58381
-2.9,-11.109,0.60521
-2.7748,-11.009,0.62661
-2.6495,-10.909,0.64802
-2.5243,-10.809,0.66942
-2.4268,-10.709,0.68989
-2.3365,-10.609,0.71011
-2.2463,-10.509,0.73034
-2.156,-10.409,0.75057
-2.0657,-10.309,0.77079
-1.9755,-10.209,0.79102
-1.8852,-10.109,0.81124
-1.7949,-10.009,0.83147
-1.7238,-9.909,0.85026
-1.6589,-9.809,0.86858
-1.5941,-9.709,0.8869
-1.5292,-9.609,0.90521
-1.4644,-9.509,0.92353
-1.3996,-9.409,0.94185
-1.3347,-9.309,0.96016
-1.2699,-9.209,0.97848
-1.2063,-9.109,0.99659
-1.1605,-9.009,1.012
-1.1147,-8.909,1.0274
-1.0688,-8.809,1.0428
-1.023,-8.709,1.0582
-0.97715,-8.609,1.0736
-0.93131,-8.509,1.089
-0.88548,-8.409,1.1044
-0.83964,-8.309,1.1198
-0.7938,-8.209,1.1352
-0.75688,-8.109,1.1488
-0.72534,-8.009,1.1614
-0.6938,-7.909,1.1739
-0.66226,-7.809,1.1865
-0.63072,-7.709,1.1991
-0.59918,-7.609,1.2116
-0.56764,-7.509,1.2242
-0.53609,-7.409,1.2367
-0.50455,-7.309,1.2493
-0.47301,-7.209,1.2618
-0.44918,-7.109,1.2722
-0.42822,-7.009,1.2818
-0.40726,-6.909,1.2914
-0.38631,-6.809,1.301
-0.36535,-6.709,1.3106
-0.34439,-6.609,1.3202
-0.32344,-6.509,1.3297
-0.30248,-6.409,1.3393
-0.28152,-6.309,1.3489
-0.26057,-6.209,1.3585
-0.24269,-6.109,1.367
-0.22937,-6.009,1.3741
-0.21605,-5.909,1.3811
-0.20274,-5.809,1.3881
-0.18942,-5.709,1.3951
-0.1761,-5.609,1.4021
-0.16278,-5.509,1.4091
-0.14946,-5.409,1.4162
-0.13615,-5.309,1.4232
-0.12283,-5.209,1.4302
-0.10951,-5.109,1.4372
-0.10052,-5.009,1.4423
-0.092415,-4.909,1.447
-0.084312,-4.809,1.4517
-0.076209,-4.709,1.4564
-0.068106,-4.609,1.4611
-0.060003,-4.509,1.4657
-0.0519,-4.409,1.4704
-0.043797,-4.309,1.4751
-0.035694,-4.209,1.4798
-0.027591,-4.109,1.4845
-0.019488,-4.009,1.4892
-0.013971,-3.909,1.4923
-0.008934,-3.809,1.495
-0.0038967,-3.709,1.4978
0.0011406,-3.609,1.5006
0.0061779,-3.509,1.5033
0.011215,-3.409,1.5061
0.016253,-3.309,1.5089
0.02129,-3.209,1.5116
0.026327,-3.109,1.5144
0.031364,-3.009,1.5171
0.036402,-2.909,1.5199
0.039104,-2.809,1.5225
0.041216,-2.709,1.5251
0.043327,-2.609,1.5277
0.045439,-2.509,1.5302
0.047551,-2.409,1.5328
0.049663,-2.309,1.5354
0.051775,-2.209,1.538
0.053886,-2.109,1.5405
0.055998,-2.009,1.5431
0.05811,-1.909,1.5457
0.060222,-1.809,1.5482
0.0614,-1.709,1.5505
0.0614,-1.609,1.5523
0.0614,-1.509,1.5542
0.0614,-1.409,1.556
0.0614,-1.309,1.5579
0.0614,-1.209,1.5597
0.0614,-1.109,1.5616
0.0614,-1.009,1.5634
0.0614,-0.909,1.5653
0.0614,-0.809,1.5671
0.0614,-0.709,1.5689
0.0614,-0.609,1.5708
