-14.938 -40.0  1.5706
-14.938 -24.429 1.5706
-14.938 -24.419 1.5704
-14.938 -24.409 1.5702
-14.938 -24.399 1.57
-14.937 -24.389 1.5698
-14.937 -24.379 1.5695
-14.937 -24.369 1.5693
-14.937 -24.359 1.5691
-14.936 -24.349 1.5689
-14.936 -24.339 1.5687
-14.936 -24.329 1.5685
-14.936 -24.319 1.5683
-14.935 -24.309 1.5681
-14.935 -24.299 1.5678
-14.935 -24.289 1.5676
-14.935 -24.279 1.5674
-14.935 -24.269 1.5672
-14.934 -24.259 1.567
-14.934 -24.249 1.5668
-14.934 -24.239 1.5666
-14.934 -24.229 1.5664
-14.933 -24.219 1.5662
-14.933 -24.209 1.5659
-14.933 -24.199 1.5657
-14.933 -24.189 1.5655
-14.932 -24.179 1.5653
-14.932 -24.169 1.5651
-14.932 -24.159 1.5649
-14.932 -24.149 1.5647
-14.931 -24.139 1.5645
-14.931 -24.129 1.5642
-14.931 -24.119 1.564
-14.931 -24.109 1.5638
-14.93 -24.099 1.5636
-14.93 -24.089 1.5634
-14.93 -24.079 1.5632
-14.93 -24.069 1.563
-14.929 -24.059 1.5628
-14.929 -24.049 1.5625
-14.929 -24.039 1.5623
-14.929 -24.029 1.5621
-14.929 -24.019 1.5619
-14.928 -24.009 1.5617
-14.928 -23.999 1.5615
-14.928 -23.989 1.5613
-14.928 -23.979 1.5611
-14.927 -23.969 1.5609
-14.927 -23.959 1.5606
-14.927 -23.949 1.5604
-14.927 -23.939 1.5602
-14.926 -23.929 1.56
-14.926 -23.919 1.5598
-14.926 -23.909 1.5596
-14.926 -23.899 1.5594
-14.925 -23.889 1.5592
-14.925 -23.879 1.5589
-14.925 -23.869 1.5587
-14.925 -23.859 1.5585
-14.924 -23.849 1.5583
-14.924 -23.839 1.5581
-14.924 -23.829 1.5579
-14.924 -23.819 1.5577
-14.923 -23.809 1.5575
-14.923 -23.799 1.5572
-14.923 -23.789 1.557
-14.923 -23.779 1.5568
-14.923 -23.769 1.5566
-14.922 -23.759 1.5564
-14.922 -23.749 1.5562
-14.922 -23.739 1.556
-14.922 -23.729 1.5558
-14.921 -23.719 1.5556
-14.921 -23.709 1.5553
-14.921 -23.699 1.5551
-14.921 -23.689 1.5549
-14.92 -23.679 1.5547
-14.92 -23.669 1.5545
-14.92 -23.659 1.5543
-14.92 -23.649 1.5541
-14.919 -23.639 1.5539
-14.919 -23.629 1.5536
-14.919 -23.619 1.5534
-14.919 -23.609 1.5532
-14.918 -23.599 1.553
-14.918 -23.589 1.5528
-14.918 -23.579 1.5526
-14.918 -23.569 1.5524
-14.917 -23.559 1.5522
-14.917 -23.549 1.5519
-14.917 -23.539 1.5517
-14.917 -23.529 1.5515
-14.917 -23.519 1.5513
-14.916 -23.509 1.5511
-14.916 -23.499 1.5509
-14.916 -23.489 1.5507
-14.916 -23.479 1.5505
-14.915 -23.469 1.5503
-14.915 -23.459 1.55
-14.915 -23.449 1.5498
-14.915 -23.439 1.5496
-14.914 -23.429 1.5494
-14.914 -23.419 1.5492
-14.914 -23.409 1.549
-14.914 -23.399 1.5488
-14.913 -23.389 1.5486
-14.913 -23.379 1.5483
-14.913 -23.369 1.5481
-14.913 -23.359 1.5479
-14.912 -23.349 1.5477
-14.912 -23.339 1.5475
-14.912 -23.329 1.5473
-14.912 -23.319 1.5471
-14.911 -23.309 1.5469
-14.911 -23.299 1.5466
-14.911 -23.289 1.5464
-14.91 -23.279 1.5461
-14.91 -23.269 1.5459
-14.909 -23.259 1.5456
-14.908 -23.249 1.5454
-14.908 -23.239 1.5451
-14.907 -23.229 1.5449
-14.907 -23.219 1.5446
-14.906 -23.209 1.5444
-14.906 -23.199 1.5441
-14.905 -23.189 1.5439
-14.905 -23.179 1.5437
-14.904 -23.169 1.5434
-14.904 -23.159 1.5432
-14.903 -23.149 1.5429
-14.903 -23.139 1.5427
-14.902 -23.129 1.5424
-14.902 -23.119 1.5422
-14.901 -23.109 1.5419
-14.901 -23.099 1.5417
-14.9 -23.089 1.5414
-14.9 -23.079 1.5412
-14.899 -23.069 1.5409
-14.899 -23.059 1.5407
-14.898 -23.049 1.5404
-14.898 -23.039 1.5402
-14.897 -23.029 1.5399
-14.897 -23.019 1.5397
-14.896 -23.009 1.5394
-14.896 -22.999 1.5392
-14.895 -22.989 1.539
-14.895 -22.979 1.5387
-14.894 -22.969 1.5385
-14.894 -22.959 1.5382
-14.893 -22.949 1.538
-14.893 -22.939 1.5377
-14.892 -22.929 1.5375
-14.892 -22.919 1.5372
-14.891 -22.909 1.537
-14.89 -22.899 1.5367
-14.89 -22.889 1.5365
-14.889 -22.879 1.5362
-14.889 -22.869 1.536
-14.888 -22.859 1.5357
-14.888 -22.849 1.5355
-14.887 -22.839 1.5352
-14.887 -22.829 1.535
-14.886 -22.819 1.5347
-14.886 -22.809 1.5345
-14.885 -22.799 1.5342
-14.885 -22.789 1.534
-14.884 -22.779 1.5338
-14.884 -22.769 1.5335
-14.883 -22.759 1.5333
-14.883 -22.749 1.533
-14.882 -22.739 1.5328
-14.882 -22.729 1.5325
-14.881 -22.719 1.5323
-14.881 -22.709 1.532
-14.88 -22.699 1.5318
-14.88 -22.689 1.5315
-14.879 -22.679 1.5313
-14.879 -22.669 1.531
-14.878 -22.659 1.5308
-14.878 -22.649 1.5305
-14.877 -22.639 1.5303
-14.877 -22.629 1.53
-14.876 -22.619 1.5298
-14.876 -22.609 1.5295
-14.875 -22.599 1.5293
-14.875 -22.589 1.529
-14.874 -22.579 1.5288
-14.873 -22.569 1.5286
-14.873 -22.559 1.5283
-14.872 -22.549 1.5281
-14.872 -22.539 1.5278
-14.871 -22.529 1.5276
-14.871 -22.519 1.5273
-14.87 -22.509 1.5271
-14.87 -22.499 1.5268
-14.869 -22.489 1.5266
-14.869 -22.479 1.5263
-14.868 -22.469 1.5261
-14.868 -22.459 1.5258
-14.867 -22.449 1.5256
-14.867 -22.439 1.5253
-14.866 -22.429 1.5251
-14.866 -22.419 1.5248
-14.865 -22.409 1.5246
-14.865 -22.399 1.5243
-14.864 -22.389 1.5241
-14.864 -22.379 1.5238
-14.863 -22.369 1.5236
-14.863 -22.359 1.5234
-14.862 -22.349 1.5231
-14.862 -22.339 1.5229
-14.861 -22.329 1.5226
-14.861 -22.319 1.5224
-14.86 -22.309 1.5221
-14.86 -22.299 1.5219
-14.859 -22.289 1.5216
-14.859 -22.279 1.5214
-14.858 -22.269 1.5211
-14.858 -22.259 1.5209
-14.857 -22.249 1.5206
-14.857 -22.239 1.5204
-14.856 -22.229 1.5201
-14.855 -22.219 1.5199
-14.855 -22.209 1.5196
-14.854 -22.199 1.5194
-14.854 -22.189 1.5191
-14.853 -22.179 1.5188
-14.852 -22.169 1.5185
-14.851 -22.159 1.5182
-14.85 -22.149 1.518
-14.85 -22.139 1.5177
-14.849 -22.129 1.5174
-14.848 -22.119 1.5171
-14.847 -22.109 1.5168
-14.846 -22.099 1.5165
-14.845 -22.089 1.5162
-14.845 -22.079 1.5159
-14.844 -22.069 1.5156
-14.843 -22.059 1.5154
-14.842 -22.049 1.5151
-14.841 -22.039 1.5148
-14.84 -22.029 1.5145
-14.84 -22.019 1.5142
-14.839 -22.009 1.5139
-14.838 -21.999 1.5136
-14.837 -21.989 1.5133
-14.836 -21.979 1.5131
-14.835 -21.969 1.5128
-14.835 -21.959 1.5125
-14.834 -21.949 1.5122
-14.833 -21.939 1.5119
-14.832 -21.929 1.5116
-14.831 -21.919 1.5113
-14.83 -21.909 1.511
-14.83 -21.899 1.5107
-14.829 -21.889 1.5105
-14.828 -21.879 1.5102
-14.827 -21.869 1.5099
-14.826 -21.859 1.5096
-14.825 -21.849 1.5093
-14.825 -21.839 1.509
-14.824 -21.829 1.5087
-14.823 -21.819 1.5084
-14.822 -21.809 1.5081
-14.821 -21.799 1.5079
-14.821 -21.789 1.5076
-14.82 -21.779 1.5073
-14.819 -21.769 1.507
-14.818 -21.759 1.5067
-14.817 -21.749 1.5064
-14.816 -21.739 1.5061
-14.816 -21.729 1.5058
-14.815 -21.719 1.5056
-14.814 -21.709 1.5053
-14.813 -21.699 1.505
-14.812 -21.689 1.5047
-14.811 -21.679 1.5044
-14.811 -21.669 1.5041
-14.81 -21.659 1.5038
-14.809 -21.649 1.5035
-14.808 -21.639 1.5032
-14.807 -21.629 1.503
-14.806 -21.619 1.5027
-14.806 -21.609 1.5024
-14.805 -21.599 1.5021
-14.804 -21.589 1.5018
-14.803 -21.579 1.5015
-14.802 -21.569 1.5012
-14.801 -21.559 1.5009
-14.801 -21.549 1.5007
-14.8 -21.539 1.5004
-14.799 -21.529 1.5001
-14.798 -21.519 1.4998
-14.797 -21.509 1.4995
-14.796 -21.499 1.4992
-14.796 -21.489 1.4989
-14.795 -21.479 1.4986
-14.794 -21.469 1.4983
-14.793 -21.459 1.4981
-14.792 -21.449 1.4978
-14.792 -21.439 1.4975
-14.791 -21.429 1.4972
-14.79 -21.419 1.4969
-14.789 -21.409 1.4966
-14.788 -21.399 1.4963
-14.787 -21.389 1.496
-14.787 -21.379 1.4958
-14.786 -21.369 1.4955
-14.785 -21.359 1.4952
-14.784 -21.349 1.4949
-14.783 -21.339 1.4946
-14.782 -21.329 1.4943
-14.782 -21.319 1.494
-14.781 -21.309 1.4937
-14.78 -21.299 1.4934
-14.779 -21.289 1.4932
-14.778 -21.279 1.4929
-14.777 -21.269 1.4926
-14.777 -21.259 1.4923
-14.776 -21.249 1.492
-14.775 -21.239 1.4917
-14.774 -21.229 1.4914
-14.773 -21.219 1.4911
-14.772 -21.209 1.4909
-14.772 -21.199 1.4906
-14.771 -21.189 1.4903
-14.77 -21.179 1.49
-14.769 -21.169 1.4897
-14.768 -21.159 1.4894
-14.767 -21.149 1.4891
-14.767 -21.139 1.4888
-14.766 -21.129 1.4885
-14.765 -21.119 1.4883
-14.764 -21.109 1.4878
-14.762 -21.099 1.4874
-14.761 -21.089 1.4869
-14.76 -21.079 1.4864
-14.758 -21.069 1.4859
-14.757 -21.059 1.4854
-14.756 -21.049 1.4849
-14.754 -21.039 1.4844
-14.753 -21.029 1.484
-14.752 -21.019 1.4835
-14.75 -21.009 1.483
-14.749 -20.999 1.4825
-14.748 -20.989 1.482
-14.746 -20.979 1.4815
-14.745 -20.969 1.481
-14.743 -20.959 1.4805
-14.742 -20.949 1.4801
-14.741 -20.939 1.4796
-14.739 -20.929 1.4791
-14.738 -20.919 1.4786
-14.737 -20.909 1.4781
-14.735 -20.899 1.4776
-14.734 -20.889 1.4771
-14.733 -20.879 1.4767
-14.731 -20.869 1.4762
-14.73 -20.859 1.4757
-14.729 -20.849 1.4752
-14.727 -20.839 1.4747
-14.726 -20.829 1.4742
-14.724 -20.819 1.4737
-14.723 -20.809 1.4733
-14.722 -20.799 1.4728
-14.72 -20.789 1.4723
-14.719 -20.779 1.4718
-14.718 -20.769 1.4713
-14.716 -20.759 1.4708
-14.715 -20.749 1.4703
-14.714 -20.739 1.4698
-14.712 -20.729 1.4694
-14.711 -20.719 1.4689
-14.71 -20.709 1.4684
-14.708 -20.699 1.4679
-14.707 -20.689 1.4674
-14.705 -20.679 1.4669
-14.704 -20.669 1.4664
-14.703 -20.659 1.466
-14.701 -20.649 1.4655
-14.7 -20.639 1.465
-14.699 -20.629 1.4645
-14.697 -20.619 1.464
-14.696 -20.609 1.4635
-14.695 -20.599 1.463
-14.693 -20.589 1.4625
-14.692 -20.579 1.4621
-14.691 -20.569 1.4616
-14.689 -20.559 1.4611
-14.688 -20.549 1.4606
-14.686 -20.539 1.4601
-14.685 -20.529 1.4596
-14.684 -20.519 1.4591
-14.682 -20.509 1.4587
-14.681 -20.499 1.4582
-14.68 -20.489 1.4577
-14.678 -20.479 1.4572
-14.677 -20.469 1.4567
-14.676 -20.459 1.4562
-14.674 -20.449 1.4557
-14.673 -20.439 1.4553
-14.672 -20.429 1.4548
-14.67 -20.419 1.4543
-14.669 -20.409 1.4538
-14.667 -20.399 1.4533
-14.666 -20.389 1.4528
-14.665 -20.379 1.4523
-14.663 -20.369 1.4518
-14.662 -20.359 1.4514
-14.661 -20.349 1.4509
-14.659 -20.339 1.4504
-14.658 -20.329 1.4499
-14.657 -20.319 1.4494
-14.655 -20.309 1.4489
-14.654 -20.299 1.4484
-14.652 -20.289 1.448
-14.651 -20.279 1.4475
-14.65 -20.269 1.447
-14.648 -20.259 1.4465
-14.647 -20.249 1.446
-14.646 -20.239 1.4455
-14.644 -20.229 1.445
-14.643 -20.219 1.4445
-14.642 -20.209 1.4441
-14.64 -20.199 1.4436
-14.639 -20.189 1.4431
-14.638 -20.179 1.4426
-14.636 -20.169 1.4421
-14.635 -20.159 1.4416
-14.633 -20.149 1.4411
-14.632 -20.139 1.4407
-14.631 -20.129 1.4402
-14.629 -20.119 1.4397
-14.628 -20.109 1.4392
-14.627 -20.099 1.4387
-14.625 -20.089 1.4382
-14.624 -20.079 1.4377
-14.623 -20.069 1.4373
-14.621 -20.059 1.4368
-14.62 -20.049 1.4363
-14.618 -20.039 1.4358
-14.616 -20.029 1.435
-14.614 -20.019 1.4343
-14.612 -20.009 1.4336
-14.61 -19.999 1.4329
-14.608 -19.989 1.4321
-14.606 -19.979 1.4314
-14.604 -19.969 1.4307
-14.601 -19.959 1.4299
-14.599 -19.949 1.4292
-14.597 -19.939 1.4285
-14.595 -19.929 1.4277
-14.593 -19.919 1.427
-14.591 -19.909 1.4263
-14.589 -19.899 1.4256
-14.586 -19.889 1.4248
-14.584 -19.879 1.4241
-14.582 -19.869 1.4234
-14.58 -19.859 1.4226
-14.578 -19.849 1.4219
-14.576 -19.839 1.4212
-14.574 -19.829 1.4204
-14.572 -19.819 1.4197
-14.569 -19.809 1.419
-14.567 -19.799 1.4183
-14.565 -19.789 1.4175
-14.563 -19.779 1.4168
-14.561 -19.769 1.4161
-14.559 -19.759 1.4153
-14.557 -19.749 1.4146
-14.554 -19.739 1.4139
-14.552 -19.729 1.4131
-14.55 -19.719 1.4124
-14.548 -19.709 1.4117
-14.546 -19.699 1.411
-14.544 -19.689 1.4102
-14.542 -19.679 1.4095
-14.539 -19.669 1.4088
-14.537 -19.659 1.408
-14.535 -19.649 1.4073
-14.533 -19.639 1.4066
-14.531 -19.629 1.4058
-14.529 -19.619 1.4051
-14.527 -19.609 1.4044
-14.525 -19.599 1.4037
-14.522 -19.589 1.4029
-14.52 -19.579 1.4022
-14.518 -19.569 1.4015
-14.516 -19.559 1.4007
-14.514 -19.549 1.4
-14.512 -19.539 1.3993
-14.51 -19.529 1.3985
-14.507 -19.519 1.3978
-14.505 -19.509 1.3971
-14.503 -19.499 1.3964
-14.501 -19.489 1.3956
-14.499 -19.479 1.3949
-14.497 -19.469 1.3942
-14.495 -19.459 1.3934
-14.493 -19.449 1.3927
-14.49 -19.439 1.392
-14.488 -19.429 1.3912
-14.486 -19.419 1.3905
-14.484 -19.409 1.3898
-14.482 -19.399 1.3891
-14.48 -19.389 1.3883
-14.478 -19.379 1.3876
-14.475 -19.369 1.3869
-14.473 -19.359 1.3861
-14.471 -19.349 1.3854
-14.469 -19.339 1.3847
-14.467 -19.329 1.3839
-14.465 -19.319 1.3832
-14.463 -19.309 1.3825
-14.46 -19.299 1.3818
-14.458 -19.289 1.381
-14.456 -19.279 1.3803
-14.454 -19.269 1.3796
-14.452 -19.259 1.3788
-14.45 -19.249 1.3781
-14.448 -19.239 1.3774
-14.446 -19.229 1.3766
-14.443 -19.219 1.3759
-14.441 -19.209 1.3752
-14.439 -19.199 1.3745
-14.437 -19.189 1.3737
-14.435 -19.179 1.373
-14.433 -19.169 1.3723
-14.431 -19.159 1.3715
-14.428 -19.149 1.3708
-14.426 -19.139 1.3701
-14.424 -19.129 1.3693
-14.422 -19.119 1.3686
-14.42 -19.109 1.3679
-14.418 -19.099 1.3671
-14.416 -19.089 1.3664
-14.414 -19.079 1.3657
-14.411 -19.069 1.365
-14.409 -19.059 1.3642
-14.407 -19.049 1.3635
-14.405 -19.039 1.3628
-14.403 -19.029 1.362
-14.401 -19.019 1.3613
-14.399 -19.009 1.3606
-14.396 -18.999 1.3596
-14.392 -18.989 1.3586
-14.389 -18.979 1.3576
-14.386 -18.969 1.3566
-14.383 -18.959 1.3556
-14.38 -18.949 1.3546
-14.376 -18.939 1.3536
-14.373 -18.929 1.3526
-14.37 -18.919 1.3516
-14.367 -18.909 1.3506
-14.364 -18.899 1.3496
-14.36 -18.889 1.3486
-14.357 -18.879 1.3476
-14.354 -18.869 1.3466
-14.351 -18.859 1.3455
-14.348 -18.849 1.3445
-14.344 -18.839 1.3435
-14.341 -18.829 1.3425
-14.338 -18.819 1.3415
-14.335 -18.809 1.3405
-14.332 -18.799 1.3395
-14.328 -18.789 1.3385
-14.325 -18.779 1.3375
-14.322 -18.769 1.3365
-14.319 -18.759 1.3355
-14.316 -18.749 1.3345
-14.312 -18.739 1.3335
-14.309 -18.729 1.3325
-14.306 -18.719 1.3315
-14.303 -18.709 1.3305
-14.3 -18.699 1.3294
-14.296 -18.689 1.3284
-14.293 -18.679 1.3274
-14.29 -18.669 1.3264
-14.287 -18.659 1.3254
-14.284 -18.649 1.3244
-14.28 -18.639 1.3234
-14.277 -18.629 1.3224
-14.274 -18.619 1.3214
-14.271 -18.609 1.3204
-14.267 -18.599 1.3194
-14.264 -18.589 1.3184
-14.261 -18.579 1.3174
-14.258 -18.569 1.3164
-14.255 -18.559 1.3154
-14.251 -18.549 1.3144
-14.248 -18.539 1.3133
-14.245 -18.529 1.3123
-14.242 -18.519 1.3113
-14.239 -18.509 1.3103
-14.235 -18.499 1.3093
-14.232 -18.489 1.3083
-14.229 -18.479 1.3073
-14.226 -18.469 1.3063
-14.223 -18.459 1.3053
-14.219 -18.449 1.3043
-14.216 -18.439 1.3033
-14.213 -18.429 1.3023
-14.21 -18.419 1.3013
-14.207 -18.409 1.3003
-14.203 -18.399 1.2993
-14.2 -18.389 1.2983
-14.197 -18.379 1.2972
-14.194 -18.369 1.2962
-14.191 -18.359 1.2952
-14.187 -18.349 1.2942
-14.184 -18.339 1.2932
-14.181 -18.329 1.2922
-14.178 -18.319 1.2912
-14.175 -18.309 1.2902
-14.171 -18.299 1.2892
-14.168 -18.289 1.2882
-14.165 -18.279 1.2872
-14.162 -18.269 1.2862
-14.159 -18.259 1.2852
-14.155 -18.249 1.2842
-14.152 -18.239 1.2832
-14.149 -18.229 1.2822
-14.146 -18.219 1.2811
-14.143 -18.209 1.2801
-14.139 -18.199 1.2791
-14.136 -18.189 1.2781
-14.133 -18.179 1.2771
-14.13 -18.169 1.2761
-14.127 -18.159 1.2751
-14.123 -18.149 1.2741
-14.12 -18.139 1.2731
-14.117 -18.129 1.2721
-14.114 -18.119 1.2711
-14.111 -18.109 1.2701
-14.107 -18.099 1.2691
-14.104 -18.089 1.2681
-14.101 -18.079 1.2671
-14.098 -18.069 1.2661
-14.095 -18.059 1.265
-14.091 -18.049 1.264
-14.088 -18.039 1.263
-14.085 -18.029 1.262
-14.082 -18.019 1.261
-14.077 -18.009 1.2597
-14.073 -17.999 1.2584
-14.068 -17.989 1.2571
-14.063 -17.979 1.2558
-14.059 -17.969 1.2544
-14.054 -17.959 1.2531
-14.05 -17.949 1.2518
-14.045 -17.939 1.2504
-14.04 -17.929 1.2491
-14.036 -17.919 1.2478
-14.031 -17.909 1.2464
-14.026 -17.899 1.2451
-14.022 -17.889 1.2438
-14.017 -17.879 1.2425
-14.013 -17.869 1.2411
-14.008 -17.859 1.2398
-14.003 -17.849 1.2385
-13.999 -17.839 1.2371
-13.994 -17.829 1.2358
-13.989 -17.819 1.2345
-13.985 -17.809 1.2331
-13.98 -17.799 1.2318
-13.976 -17.789 1.2305
-13.971 -17.779 1.2292
-13.966 -17.769 1.2278
-13.962 -17.759 1.2265
-13.957 -17.749 1.2252
-13.952 -17.739 1.2238
-13.948 -17.729 1.2225
-13.943 -17.719 1.2212
-13.938 -17.709 1.2199
-13.934 -17.699 1.2185
-13.929 -17.689 1.2172
-13.925 -17.679 1.2159
-13.92 -17.669 1.2145
-13.915 -17.659 1.2132
-13.911 -17.649 1.2119
-13.906 -17.639 1.2105
-13.901 -17.629 1.2092
-13.897 -17.619 1.2079
-13.892 -17.609 1.2066
-13.888 -17.599 1.2052
-13.883 -17.589 1.2039
-13.878 -17.579 1.2026
-13.874 -17.569 1.2012
-13.869 -17.559 1.1999
-13.864 -17.549 1.1986
-13.86 -17.539 1.1973
-13.855 -17.529 1.1959
-13.851 -17.519 1.1946
-13.846 -17.509 1.1933
-13.841 -17.499 1.1919
-13.837 -17.489 1.1906
-13.832 -17.479 1.1893
-13.827 -17.469 1.1879
-13.823 -17.459 1.1866
-13.818 -17.449 1.1853
-13.814 -17.439 1.184
-13.809 -17.429 1.1826
-13.804 -17.419 1.1813
-13.8 -17.409 1.18
-13.795 -17.399 1.1786
-13.79 -17.389 1.1773
-13.786 -17.379 1.176
-13.781 -17.369 1.1747
-13.777 -17.359 1.1733
-13.772 -17.349 1.172
-13.767 -17.339 1.1707
-13.763 -17.329 1.1693
-13.758 -17.319 1.168
-13.753 -17.309 1.1667
-13.749 -17.299 1.1653
-13.744 -17.289 1.164
-13.739 -17.279 1.1627
-13.735 -17.269 1.1614
-13.73 -17.259 1.16
-13.726 -17.249 1.1587
-13.721 -17.239 1.1574
-13.716 -17.229 1.156
-13.712 -17.219 1.1547
-13.707 -17.209 1.1534
-13.702 -17.199 1.152
-13.698 -17.189 1.1507
-13.693 -17.179 1.1494
-13.689 -17.169 1.1481
-13.684 -17.159 1.1467
-13.679 -17.149 1.1454
-13.675 -17.139 1.1441
-13.67 -17.129 1.1427
-13.665 -17.119 1.1414
-13.661 -17.109 1.1401
-13.656 -17.099 1.1388
-13.652 -17.089 1.1374
-13.645 -17.079 1.1358
-13.639 -17.069 1.1341
-13.632 -17.059 1.1325
-13.626 -17.049 1.1308
-13.619 -17.039 1.1292
-13.612 -17.029 1.1275
-13.606 -17.019 1.1259
-13.599 -17.009 1.1242
-13.593 -16.999 1.1226
-13.586 -16.989 1.1209
-13.58 -16.979 1.1193
-13.573 -16.969 1.1176
-13.567 -16.959 1.116
-13.56 -16.949 1.1143
-13.554 -16.939 1.1127
-13.547 -16.929 1.111
-13.541 -16.919 1.1094
-13.534 -16.909 1.1077
-13.527 -16.899 1.1061
-13.521 -16.889 1.1044
-13.514 -16.879 1.1028
-13.508 -16.869 1.1011
-13.501 -16.859 1.0995
-13.495 -16.849 1.0978
-13.488 -16.839 1.0962
-13.482 -16.829 1.0945
-13.475 -16.819 1.0929
-13.469 -16.809 1.0912
-13.462 -16.799 1.0896
-13.456 -16.789 1.0879
-13.449 -16.779 1.0863
-13.442 -16.769 1.0846
-13.436 -16.759 1.083
-13.429 -16.749 1.0813
-13.423 -16.739 1.0797
-13.416 -16.729 1.078
-13.41 -16.719 1.0764
-13.403 -16.709 1.0747
-13.397 -16.699 1.0731
-13.39 -16.689 1.0714
-13.384 -16.679 1.0698
-13.377 -16.669 1.0681
-13.371 -16.659 1.0665
-13.364 -16.649 1.0648
-13.358 -16.639 1.0631
-13.351 -16.629 1.0615
-13.344 -16.619 1.0598
-13.338 -16.609 1.0582
-13.331 -16.599 1.0565
-13.325 -16.589 1.0549
-13.318 -16.579 1.0532
-13.312 -16.569 1.0516
-13.305 -16.559 1.0499
-13.299 -16.549 1.0483
-13.292 -16.539 1.0466
-13.286 -16.529 1.045
-13.279 -16.519 1.0433
-13.273 -16.509 1.0417
-13.266 -16.499 1.04
-13.259 -16.489 1.0384
-13.253 -16.479 1.0367
-13.246 -16.469 1.0351
-13.24 -16.459 1.0334
-13.233 -16.449 1.0318
-13.227 -16.439 1.0301
-13.22 -16.429 1.0285
-13.214 -16.419 1.0268
-13.207 -16.409 1.0252
-13.201 -16.399 1.0235
-13.194 -16.389 1.0219
-13.188 -16.379 1.0202
-13.181 -16.369 1.0186
-13.175 -16.359 1.0169
-13.168 -16.349 1.0153
-13.161 -16.339 1.0136
-13.155 -16.329 1.012
-13.148 -16.319 1.0103
-13.142 -16.309 1.0087
-13.135 -16.299 1.007
-13.129 -16.289 1.0054
-13.122 -16.279 1.0037
-13.116 -16.269 1.0021
-13.109 -16.259 1.0004
-13.103 -16.249 0.99876
-13.096 -16.239 0.99711
-13.09 -16.229 0.99546
-13.083 -16.219 0.99381
-13.076 -16.209 0.99216
-13.068 -16.199 0.99022
-13.059 -16.189 0.98823
-13.05 -16.179 0.98623
-13.04 -16.169 0.98424
-13.031 -16.159 0.98224
-13.022 -16.149 0.98024
-13.013 -16.139 0.97825
-13.004 -16.129 0.97625
-12.995 -16.119 0.97426
-12.986 -16.109 0.97226
-12.977 -16.099 0.97027
-12.968 -16.089 0.96827
-12.958 -16.079 0.96628
-12.949 -16.069 0.96428
-12.94 -16.059 0.96229
-12.931 -16.049 0.96029
-12.922 -16.039 0.9583
-12.913 -16.029 0.9563
-12.904 -16.019 0.95431
-12.895 -16.009 0.95231
-12.886 -15.999 0.95031
-12.876 -15.989 0.94832
-12.867 -15.979 0.94632
-12.858 -15.969 0.94433
-12.849 -15.959 0.94233
-12.84 -15.949 0.94034
-12.831 -15.939 0.93834
-12.822 -15.929 0.93635
-12.813 -15.919 0.93435
-12.804 -15.909 0.93236
-12.794 -15.899 0.93036
-12.785 -15.889 0.92837
-12.776 -15.879 0.92637
-12.767 -15.869 0.92437
-12.758 -15.859 0.92238
-12.749 -15.849 0.92038
-12.74 -15.839 0.91839
-12.731 -15.829 0.91639
-12.722 -15.819 0.9144
-12.712 -15.809 0.9124
-12.703 -15.799 0.91041
-12.694 -15.789 0.90841
-12.685 -15.779 0.90642
-12.676 -15.769 0.90442
-12.667 -15.759 0.90243
-12.658 -15.749 0.90043
-12.649 -15.739 0.89843
-12.64 -15.729 0.89644
-12.63 -15.719 0.89444
-12.621 -15.709 0.89245
-12.612 -15.699 0.89045
-12.603 -15.689 0.88846
-12.594 -15.679 0.88646
-12.585 -15.669 0.88447
-12.576 -15.659 0.88247
-12.567 -15.649 0.88048
-12.558 -15.639 0.87848
-12.548 -15.629 0.87649
-12.539 -15.619 0.87449
-12.53 -15.609 0.8725
-12.521 -15.599 0.8705
-12.512 -15.589 0.8685
-12.503 -15.579 0.86651
-12.494 -15.569 0.86451
-12.485 -15.559 0.86252
-12.476 -15.549 0.86052
-12.466 -15.539 0.85853
-12.457 -15.529 0.85653
-12.448 -15.519 0.85454
-12.439 -15.509 0.85254
-12.43 -15.499 0.85055
-12.421 -15.489 0.84855
-12.412 -15.479 0.84656
-12.403 -15.469 0.84456
-12.393 -15.459 0.84256
-12.384 -15.449 0.84057
-12.375 -15.439 0.83857
-12.366 -15.429 0.83658
-12.357 -15.419 0.83458
-12.348 -15.409 0.83259
-12.337 -15.399 0.83044
-12.324 -15.389 0.82818
-12.311 -15.379 0.82593
-12.299 -15.369 0.82368
-12.286 -15.359 0.82143
-12.273 -15.349 0.81918
-12.261 -15.339 0.81693
-12.248 -15.329 0.81468
-12.236 -15.319 0.81243
-12.223 -15.309 0.81018
-12.21 -15.299 0.80793
-12.198 -15.289 0.80568
-12.185 -15.279 0.80342
-12.172 -15.269 0.80117
-12.16 -15.259 0.79892
-12.147 -15.249 0.79667
-12.135 -15.239 0.79442
-12.122 -15.229 0.79217
-12.109 -15.219 0.78992
-12.097 -15.209 0.78767
-12.084 -15.199 0.78542
-12.071 -15.189 0.78317
-12.059 -15.179 0.78091
-12.046 -15.169 0.77866
-12.033 -15.159 0.77641
-12.021 -15.149 0.77416
-12.008 -15.139 0.77191
-11.996 -15.129 0.76966
-11.983 -15.119 0.76741
-11.97 -15.109 0.76516
-11.958 -15.099 0.76291
-11.945 -15.089 0.76066
-11.932 -15.079 0.75841
-11.92 -15.069 0.75615
-11.907 -15.059 0.7539
-11.894 -15.049 0.75165
-11.882 -15.039 0.7494
-11.869 -15.029 0.74715
-11.857 -15.019 0.7449
-11.844 -15.009 0.74265
-11.831 -14.999 0.7404
-11.819 -14.989 0.73815
-11.806 -14.979 0.7359
-11.793 -14.969 0.73364
-11.781 -14.959 0.73139
-11.768 -14.949 0.72914
-11.756 -14.939 0.72689
-11.743 -14.929 0.72464
-11.73 -14.919 0.72239
-11.718 -14.909 0.72014
-11.705 -14.899 0.71789
-11.692 -14.889 0.71564
-11.68 -14.879 0.71339
-11.667 -14.869 0.71114
-11.654 -14.859 0.70888
-11.642 -14.849 0.70663
-11.629 -14.839 0.70438
-11.617 -14.829 0.70213
-11.604 -14.819 0.69988
-11.591 -14.809 0.69763
-11.579 -14.799 0.69538
-11.566 -14.789 0.69313
-11.553 -14.779 0.69088
-11.541 -14.769 0.68863
-11.528 -14.759 0.68637
-11.515 -14.749 0.68412
-11.503 -14.739 0.68187
-11.49 -14.729 0.67962
-11.478 -14.719 0.67737
-11.465 -14.709 0.67512
-11.452 -14.699 0.67287
-11.44 -14.689 0.67062
-11.424 -14.679 0.66826
-11.407 -14.669 0.66581
-11.389 -14.659 0.66336
-11.372 -14.649 0.66092
-11.354 -14.639 0.65847
-11.336 -14.629 0.65602
-11.319 -14.619 0.65357
-11.301 -14.609 0.65112
-11.284 -14.599 0.64867
-11.266 -14.589 0.64622
-11.248 -14.579 0.64377
-11.231 -14.569 0.64133
-11.213 -14.559 0.63888
-11.195 -14.549 0.63643
-11.178 -14.539 0.63398
-11.16 -14.529 0.63153
-11.143 -14.519 0.62908
-11.125 -14.509 0.62663
-11.107 -14.499 0.62418
-11.09 -14.489 0.62174
-11.072 -14.479 0.61929
-11.055 -14.469 0.61684
-11.037 -14.459 0.61439
-11.019 -14.449 0.61194
-11.002 -14.439 0.60949
-10.984 -14.429 0.60704
-10.966 -14.419 0.60459
-10.949 -14.409 0.60215
-10.931 -14.399 0.5997
-10.914 -14.389 0.59725
-10.896 -14.379 0.5948
-10.878 -14.369 0.59235
-10.861 -14.359 0.5899
-10.843 -14.349 0.58745
-10.826 -14.339 0.585
-10.808 -14.329 0.58256
-10.79 -14.319 0.58011
-10.773 -14.309 0.57766
-10.755 -14.299 0.57521
-10.738 -14.289 0.57276
-10.72 -14.279 0.57031
-10.702 -14.269 0.56786
-10.685 -14.259 0.56541
-10.667 -14.249 0.56296
-10.649 -14.239 0.56052
-10.632 -14.229 0.55807
-10.614 -14.219 0.55562
-10.597 -14.209 0.55317
-10.579 -14.199 0.55072
-10.561 -14.189 0.54827
-10.544 -14.179 0.54582
-10.526 -14.169 0.54337
-10.509 -14.159 0.54093
-10.491 -14.149 0.53848
-10.473 -14.139 0.53603
-10.456 -14.129 0.53358
-10.438 -14.119 0.53113
-10.421 -14.109 0.52868
-10.403 -14.099 0.52623
-10.385 -14.089 0.52378
-10.368 -14.079 0.52134
-10.35 -14.069 0.51889
-10.332 -14.059 0.51644
-10.307 -14.049 0.51387
-10.282 -14.039 0.5113
-10.257 -14.029 0.50873
-10.232 -14.019 0.50616
-10.207 -14.009 0.50359
-10.182 -13.999 0.50102
-10.157 -13.989 0.49845
-10.132 -13.979 0.49587
-10.107 -13.969 0.4933
-10.081 -13.959 0.49073
-10.056 -13.949 0.48816
-10.031 -13.939 0.48559
-10.006 -13.929 0.48302
-9.981 -13.919 0.48045
-9.9559 -13.909 0.47788
-9.9308 -13.899 0.47531
-9.9057 -13.889 0.47274
-9.8806 -13.879 0.47017
-9.8554 -13.869 0.4676
-9.8303 -13.859 0.46503
-9.8052 -13.849 0.46246
-9.7801 -13.839 0.45989
-9.755 -13.829 0.45731
-9.7299 -13.819 0.45474
-9.7048 -13.809 0.45217
-9.6797 -13.799 0.4496
-9.6545 -13.789 0.44703
-9.6294 -13.779 0.44446
-9.6043 -13.769 0.44189
-9.5792 -13.759 0.43932
-9.5541 -13.749 0.43675
-9.529 -13.739 0.43418
-9.5039 -13.729 0.43161
-9.4788 -13.719 0.42904
-9.4536 -13.709 0.42647
-9.4285 -13.699 0.4239
-9.4034 -13.689 0.42132
-9.3783 -13.679 0.41875
-9.3532 -13.669 0.41618
-9.3281 -13.659 0.41361
-9.303 -13.649 0.41104
-9.2779 -13.639 0.40847
-9.2527 -13.629 0.4059
-9.2276 -13.619 0.40333
-9.2025 -13.609 0.40076
-9.1774 -13.599 0.39819
-9.1523 -13.589 0.39562
-9.1272 -13.579 0.39305
-9.1021 -13.569 0.39048
-9.077 -13.559 0.38791
-9.0518 -13.549 0.38534
-9.0267 -13.539 0.38276
-9.0016 -13.529 0.38019
-8.9701 -13.519 0.3775
-8.9326 -13.509 0.37469
-8.8951 -13.499 0.37188
-8.8577 -13.489 0.36907
-8.8202 -13.479 0.36626
-8.7827 -13.469 0.36345
-8.7453 -13.459 0.36064
-8.7078 -13.449 0.35783
-8.6703 -13.439 0.35502
-8.6329 -13.429 0.35221
-8.5954 -13.419 0.3494
-8.5579 -13.409 0.34659
-8.5205 -13.399 0.34378
-8.483 -13.389 0.34097
-8.4455 -13.379 0.33816
-8.408 -13.369 0.33535
-8.3706 -13.359 0.33254
-8.3331 -13.349 0.32973
-8.2956 -13.339 0.32691
-8.2582 -13.329 0.3241
-8.2207 -13.319 0.32129
-8.1832 -13.309 0.31848
-8.1458 -13.299 0.31567
-8.1083 -13.289 0.31286
-8.0708 -13.279 0.31005
-8.0334 -13.269 0.30724
-7.9959 -13.259 0.30443
-7.9584 -13.249 0.30162
-7.921 -13.239 0.29881
-7.8835 -13.229 0.296
-7.846 -13.219 0.29319
-7.8086 -13.209 0.29038
-7.7711 -13.199 0.28757
-7.7336 -13.189 0.28476
-7.6962 -13.179 0.28195
-7.6587 -13.169 0.27914
-7.6212 -13.159 0.27633
-7.5838 -13.149 0.27352
-7.5463 -13.139 0.27071
-7.5088 -13.129 0.2679
-7.4713 -13.119 0.26509
-7.4339 -13.109 0.26228
-7.3966 -13.099 0.26085
-7.3596 -13.089 0.26092
-7.3226 -13.079 0.26099
-7.2855 -13.069 0.26106
-7.2485 -13.059 0.26112
-7.2115 -13.049 0.26119
-7.1744 -13.039 0.26126
-7.1374 -13.029 0.26133
-7.1004 -13.019 0.2614
-7.0633 -13.009 0.26147
-7.0263 -12.999 0.26154
-6.9893 -12.989 0.26161
-6.9522 -12.979 0.26167
-6.9152 -12.969 0.26174
-6.8782 -12.959 0.26181
-6.8411 -12.949 0.26188
-6.8041 -12.939 0.26195
-6.7671 -12.929 0.26202
-6.73 -12.919 0.26209
-6.693 -12.909 0.26216
-6.656 -12.899 0.26223
-6.6189 -12.889 0.26229
-6.5819 -12.879 0.26236
-6.5449 -12.869 0.26243
-6.5078 -12.859 0.2625
-6.4708 -12.849 0.26257
-6.4338 -12.839 0.26264
-6.3967 -12.829 0.26271
-6.3597 -12.819 0.26278
-6.3227 -12.809 0.26284
-6.2856 -12.799 0.26291
-6.2486 -12.789 0.26298
-6.2116 -12.779 0.26305
-6.1745 -12.769 0.26312
-6.1375 -12.759 0.26319
-6.1005 -12.749 0.26326
-6.0634 -12.739 0.26333
-6.0264 -12.729 0.2634
-5.9894 -12.719 0.26346
-5.9523 -12.709 0.26353
-5.9153 -12.699 0.2636
-5.8783 -12.689 0.26367
-5.8413 -12.679 0.26375
-5.8163 -12.669 0.26597
-5.7914 -12.659 0.26819
-5.7664 -12.649 0.27041
-5.7415 -12.639 0.27263
-5.7166 -12.629 0.27485
-5.6916 -12.619 0.27708
-5.6667 -12.609 0.2793
-5.6417 -12.599 0.28152
-5.6168 -12.589 0.28374
-5.5918 -12.579 0.28596
-5.5669 -12.569 0.28818
-5.5419 -12.559 0.2904
-5.517 -12.549 0.29262
-5.4921 -12.539 0.29485
-5.4671 -12.529 0.29707
-5.4422 -12.519 0.29929
-5.4172 -12.509 0.30151
-5.3923 -12.499 0.30373
-5.3673 -12.489 0.30595
-5.3424 -12.479 0.30817
-5.3174 -12.469 0.31039
-5.2925 -12.459 0.31262
-5.2675 -12.449 0.31484
-5.2426 -12.439 0.31706
-5.2177 -12.429 0.31928
-5.1927 -12.419 0.3215
-5.1678 -12.409 0.32372
-5.1428 -12.399 0.32594
-5.1179 -12.389 0.32816
-5.0929 -12.379 0.33039
-5.068 -12.369 0.33261
-5.043 -12.359 0.33483
-5.0181 -12.349 0.33705
-4.9932 -12.339 0.33927
-4.9682 -12.329 0.34149
-4.9433 -12.319 0.34371
-4.9183 -12.309 0.34593
-4.8934 -12.299 0.34816
-4.8684 -12.289 0.35038
-4.8435 -12.279 0.3526
-4.8185 -12.269 0.35482
-4.7936 -12.259 0.35704
-4.7687 -12.249 0.35926
-4.7437 -12.239 0.36148
-4.7188 -12.229 0.3637
-4.6938 -12.219 0.36593
-4.6689 -12.209 0.36815
-4.6439 -12.199 0.37037
-4.619 -12.189 0.37259
-4.594 -12.179 0.37481
-4.5691 -12.169 0.37703
-4.5441 -12.159 0.37925
-4.5199 -12.149 0.38147
-4.5024 -12.139 0.38363
-4.4849 -12.129 0.38579
-4.4674 -12.119 0.38794
-4.4499 -12.109 0.3901
-4.4324 -12.099 0.39226
-4.4149 -12.089 0.39442
-4.3973 -12.079 0.39658
-4.3798 -12.069 0.39874
-4.3623 -12.059 0.40089
-4.3448 -12.049 0.40305
-4.3273 -12.039 0.40521
-4.3098 -12.029 0.40737
-4.2923 -12.019 0.40953
-4.2748 -12.009 0.41169
-4.2573 -11.999 0.41385
-4.2398 -11.989 0.416
-4.2223 -11.979 0.41816
-4.2048 -11.969 0.42032
-4.1873 -11.959 0.42248
-4.1698 -11.949 0.42464
-4.1523 -11.939 0.4268
-4.1348 -11.929 0.42895
-4.1172 -11.919 0.43111
-4.0997 -11.909 0.43327
-4.0822 -11.899 0.43543
-4.0647 -11.889 0.43759
-4.0472 -11.879 0.43975
-4.0297 -11.869 0.4419
-4.0122 -11.859 0.44406
-3.9947 -11.849 0.44622
-3.9772 -11.839 0.44838
-3.9597 -11.829 0.45054
-3.9422 -11.819 0.4527
-3.9247 -11.809 0.45486
-3.9072 -11.799 0.45701
-3.8897 -11.789 0.45917
-3.8722 -11.779 0.46133
-3.8547 -11.769 0.46349
-3.8371 -11.759 0.46565
-3.8196 -11.749 0.46781
-3.8021 -11.739 0.46996
-3.7846 -11.729 0.47212
-3.7671 -11.719 0.47428
-3.7496 -11.709 0.47644
-3.7321 -11.699 0.4786
-3.7146 -11.689 0.48076
-3.6971 -11.679 0.48292
-3.6796 -11.669 0.48507
-3.6621 -11.659 0.48723
-3.6446 -11.649 0.48939
-3.6271 -11.639 0.49155
-3.6096 -11.629 0.49371
-3.5921 -11.619 0.49587
-3.5746 -11.609 0.49802
-3.557 -11.599 0.50018
-3.5395 -11.589 0.50234
-3.522 -11.579 0.5045
-3.5045 -11.569 0.50666
-3.487 -11.559 0.50882
-3.4695 -11.549 0.51097
-3.452 -11.539 0.51313
-3.4345 -11.529 0.51529
-3.417 -11.519 0.51745
-3.4009 -11.509 0.5196
-3.3884 -11.499 0.52174
-3.3759 -11.489 0.52388
-3.3633 -11.479 0.52602
-3.3508 -11.469 0.52816
-3.3383 -11.459 0.5303
-3.3258 -11.449 0.53244
-3.3133 -11.439 0.53458
-3.3007 -11.429 0.53673
-3.2882 -11.419 0.53887
-3.2757 -11.409 0.54101
-3.2632 -11.399 0.54315
-3.2506 -11.389 0.54529
-3.2381 -11.379 0.54743
-3.2256 -11.369 0.54957
-3.2131 -11.359 0.55171
-3.2005 -11.349 0.55385
-3.188 -11.339 0.55599
-3.1755 -11.329 0.55813
-3.163 -11.319 0.56027
-3.1505 -11.309 0.56241
-3.1379 -11.299 0.56455
-3.1254 -11.289 0.56669
-3.1129 -11.279 0.56883
-3.1004 -11.269 0.57097
-3.0878 -11.259 0.57311
-3.0753 -11.249 0.57525
-3.0628 -11.239 0.57739
-3.0503 -11.229 0.57953
-3.0377 -11.219 0.58167
-3.0252 -11.209 0.58381
-3.0127 -11.199 0.58595
-3.0002 -11.189 0.58809
-2.9877 -11.179 0.59023
-2.9751 -11.169 0.59237
-2.9626 -11.159 0.59451
-2.9501 -11.149 0.59665
-2.9376 -11.139 0.59879
-2.925 -11.129 0.60093
-2.9125 -11.119 0.60307
-2.9 -11.109 0.60521
-2.8875 -11.099 0.60735
-2.8749 -11.089 0.60949
-2.8624 -11.079 0.61163
-2.8499 -11.069 0.61377
-2.8374 -11.059 0.61591
-2.8249 -11.049 0.61805
-2.8123 -11.039 0.62019
-2.7998 -11.029 0.62233
-2.7873 -11.019 0.62447
-2.7748 -11.009 0.62661
-2.7622 -10.999 0.62876
-2.7497 -10.989 0.6309
-2.7372 -10.979 0.63304
-2.7247 -10.969 0.63518
-2.7121 -10.959 0.63732
-2.6996 -10.949 0.63946
-2.6871 -10.939 0.6416
-2.6746 -10.929 0.64374
-2.6621 -10.919 0.64588
-2.6495 -10.909 0.64802
-2.637 -10.899 0.65016
-2.6245 -10.889 0.6523
-2.612 -10.879 0.65444
-2.5994 -10.869 0.65658
-2.5869 -10.859 0.65872
-2.5744 -10.849 0.66086
-2.5619 -10.839 0.663
-2.5493 -10.829 0.66514
-2.5368 -10.819 0.66728
-2.5243 -10.809 0.66942
-2.5118 -10.799 0.67156
-2.4993 -10.789 0.6737
-2.49 -10.779 0.67573
-2.481 -10.769 0.67775
-2.4719 -10.759 0.67978
-2.4629 -10.749 0.6818
-2.4539 -10.739 0.68382
-2.4449 -10.729 0.68584
-2.4358 -10.719 0.68787
-2.4268 -10.709 0.68989
-2.4178 -10.699 0.69191
-2.4088 -10.689 0.69393
-2.3997 -10.679 0.69596
-2.3907 -10.669 0.69798
-2.3817 -10.659 0.7
-2.3726 -10.649 0.70202
-2.3636 -10.639 0.70405
-2.3546 -10.629 0.70607
-2.3456 -10.619 0.70809
-2.3365 -10.609 0.71011
-2.3275 -10.599 0.71214
-2.3185 -10.589 0.71416
-2.3095 -10.579 0.71618
-2.3004 -10.569 0.7182
-2.2914 -10.559 0.72023
-2.2824 -10.549 0.72225
-2.2734 -10.539 0.72427
-2.2643 -10.529 0.72629
-2.2553 -10.519 0.72832
-2.2463 -10.509 0.73034
-2.2372 -10.499 0.73236
-2.2282 -10.489 0.73439
-2.2192 -10.479 0.73641
-2.2102 -10.469 0.73843
-2.2011 -10.459 0.74045
-2.1921 -10.449 0.74248
-2.1831 -10.439 0.7445
-2.1741 -10.429 0.74652
-2.165 -10.419 0.74854
-2.156 -10.409 0.75057
-2.147 -10.399 0.75259
-2.1379 -10.389 0.75461
-2.1289 -10.379 0.75663
-2.1199 -10.369 0.75866
-2.1109 -10.359 0.76068
-2.1018 -10.349 0.7627
-2.0928 -10.339 0.76472
-2.0838 -10.329 0.76675
-2.0748 -10.319 0.76877
-2.0657 -10.309 0.77079
-2.0567 -10.299 0.77281
-2.0477 -10.289 0.77484
-2.0387 -10.279 0.77686
-2.0296 -10.269 0.77888
-2.0206 -10.259 0.7809
-2.0116 -10.249 0.78293
-2.0025 -10.239 0.78495
-1.9935 -10.229 0.78697
-1.9845 -10.219 0.789
-1.9755 -10.209 0.79102
-1.9664 -10.199 0.79304
-1.9574 -10.189 0.79506
-1.9484 -10.179 0.79709
-1.9394 -10.169 0.79911
-1.9303 -10.159 0.80113
-1.9213 -10.149 0.80315
-1.9123 -10.139 0.80518
-1.9033 -10.129 0.8072
-1.8942 -10.119 0.80922
-1.8852 -10.109 0.81124
-1.8762 -10.099 0.81327
-1.8671 -10.089 0.81529
-1.8581 -10.079 0.81731
-1.8491 -10.069 0.81933
-1.8401 -10.059 0.82136
-1.831 -10.049 0.82338
-1.822 -10.039 0.8254
-1.813 -10.029 0.82742
-1.804 -10.019 0.82945
-1.7949 -10.009 0.83147
-1.7859 -9.999 0.83349
-1.7769 -9.989 0.83551
-1.7692 -9.979 0.83744
-1.7627 -9.969 0.83927
-1.7562 -9.959 0.8411
-1.7497 -9.949 0.84293
-1.7432 -9.939 0.84477
-1.7367 -9.929 0.8466
-1.7302 -9.919 0.84843
-1.7238 -9.909 0.85026
-1.7173 -9.899 0.85209
-1.7108 -9.889 0.85392
-1.7043 -9.879 0.85576
-1.6978 -9.869 0.85759
-1.6913 -9.859 0.85942
-1.6849 -9.849 0.86125
-1.6784 -9.839 0.86308
-1.6719 -9.829 0.86491
-1.6654 -9.819 0.86675
-1.6589 -9.809 0.86858
-1.6524 -9.799 0.87041
-1.646 -9.789 0.87224
-1.6395 -9.779 0.87407
-1.633 -9.769 0.87591
-1.6265 -9.759 0.87774
-1.62 -9.749 0.87957
-1.6135 -9.739 0.8814
-1.607 -9.729 0.88323
-1.6006 -9.719 0.88506
-1.5941 -9.709 0.8869
-1.5876 -9.699 0.88873
-1.5811 -9.689 0.89056
-1.5746 -9.679 0.89239
-1.5681 -9.669 0.89422
-1.5617 -9.659 0.89605
-1.5552 -9.649 0.89789
-1.5487 -9.639 0.89972
-1.5422 -9.629 0.90155
-1.5357 -9.619 0.90338
-1.5292 -9.609 0.90521
-1.5228 -9.599 0.90704
-1.5163 -9.589 0.90888
-1.5098 -9.579 0.91071
-1.5033 -9.569 0.91254
-1.4968 -9.559 0.91437
-1.4903 -9.549 0.9162
-1.4838 -9.539 0.91803
-1.4774 -9.529 0.91987
-1.4709 -9.519 0.9217
-1.4644 -9.509 0.92353
-1.4579 -9.499 0.92536
-1.4514 -9.489 0.92719
-1.4449 -9.479 0.92902
-1.4385 -9.469 0.93086
-1.432 -9.459 0.93269
-1.4255 -9.449 0.93452
-1.419 -9.439 0.93635
-1.4125 -9.429 0.93818
-1.406 -9.419 0.94001
-1.3996 -9.409 0.94185
-1.3931 -9.399 0.94368
-1.3866 -9.389 0.94551
-1.3801 -9.379 0.94734
-1.3736 -9.369 0.94917
-1.3671 -9.359 0.951
-1.3606 -9.349 0.95284
-1.3542 -9.339 0.95467
-1.3477 -9.329 0.9565
-1.3412 -9.319 0.95833
-1.3347 -9.309 0.96016
-1.3282 -9.299 0.96199
-1.3217 -9.289 0.96383
-1.3153 -9.279 0.96566
-1.3088 -9.269 0.96749
-1.3023 -9.259 0.96932
-1.2958 -9.249 0.97115
-1.2893 -9.239 0.97298
-1.2828 -9.229 0.97482
-1.2763 -9.219 0.97665
-1.2699 -9.209 0.97848
-1.2634 -9.199 0.98031
-1.2569 -9.189 0.98214
-1.2504 -9.179 0.98397
-1.2439 -9.169 0.98581
-1.2374 -9.159 0.98764
-1.231 -9.149 0.98947
-1.2245 -9.139 0.9913
-1.218 -9.129 0.99313
-1.2115 -9.119 0.99497
-1.2063 -9.109 0.99659
-1.2018 -9.099 0.99814
-1.1972 -9.089 0.99968
-1.1926 -9.079 1.0012
-1.188 -9.069 1.0028
-1.1834 -9.059 1.0043
-1.1788 -9.049 1.0058
-1.1743 -9.039 1.0074
-1.1697 -9.029 1.0089
-1.1651 -9.019 1.0105
-1.1605 -9.009 1.012
-1.1559 -8.999 1.0135
-1.1513 -8.989 1.0151
-1.1467 -8.979 1.0166
-1.1422 -8.969 1.0182
-1.1376 -8.959 1.0197
-1.133 -8.949 1.0212
-1.1284 -8.939 1.0228
-1.1238 -8.929 1.0243
-1.1192 -8.919 1.0259
-1.1147 -8.909 1.0274
-1.1101 -8.899 1.0289
-1.1055 -8.889 1.0305
-1.1009 -8.879 1.032
-1.0963 -8.869 1.0336
-1.0917 -8.859 1.0351
-1.0872 -8.849 1.0366
-1.0826 -8.839 1.0382
-1.078 -8.829 1.0397
-1.0734 -8.819 1.0413
-1.0688 -8.809 1.0428
-1.0642 -8.799 1.0443
-1.0597 -8.789 1.0459
-1.0551 -8.779 1.0474
-1.0505 -8.769 1.049
-1.0459 -8.759 1.0505
-1.0413 -8.749 1.052
-1.0367 -8.739 1.0536
-1.0322 -8.729 1.0551
-1.0276 -8.719 1.0567
-1.023 -8.709 1.0582
-1.0184 -8.699 1.0597
-1.0138 -8.689 1.0613
-1.0092 -8.679 1.0628
-1.0047 -8.669 1.0644
-1.0001 -8.659 1.0659
-0.99549 -8.649 1.0674
-0.9909 -8.639 1.069
-0.98632 -8.629 1.0705
-0.98173 -8.619 1.0721
-0.97715 -8.609 1.0736
-0.97257 -8.599 1.0751
-0.96798 -8.589 1.0767
-0.9634 -8.579 1.0782
-0.95882 -8.569 1.0798
-0.95423 -8.559 1.0813
-0.94965 -8.549 1.0828
-0.94506 -8.539 1.0844
-0.94048 -8.529 1.0859
-0.9359 -8.519 1.0875
-0.93131 -8.509 1.089
-0.92673 -8.499 1.0905
-0.92215 -8.489 1.0921
-0.91756 -8.479 1.0936
-0.91298 -8.469 1.0952
-0.90839 -8.459 1.0967
-0.90381 -8.449 1.0982
-0.89923 -8.439 1.0998
-0.89464 -8.429 1.1013
-0.89006 -8.419 1.1029
-0.88548 -8.409 1.1044
-0.88089 -8.399 1.1059
-0.87631 -8.389 1.1075
-0.87172 -8.379 1.109
-0.86714 -8.369 1.1106
-0.86256 -8.359 1.1121
-0.85797 -8.349 1.1136
-0.85339 -8.339 1.1152
-0.84881 -8.329 1.1167
-0.84422 -8.319 1.1183
-0.83964 -8.309 1.1198
-0.83505 -8.299 1.1213
-0.83047 -8.289 1.1229
-0.82589 -8.279 1.1244
-0.8213 -8.269 1.126
-0.81672 -8.259 1.1275
-0.81213 -8.249 1.129
-0.80755 -8.239 1.1306
-0.80297 -8.229 1.1321
-0.79838 -8.219 1.1337
-0.7938 -8.209 1.1352
-0.78922 -8.199 1.1367
-0.78463 -8.189 1.1383
-0.78005 -8.179 1.1398
-0.77581 -8.169 1.1413
-0.77265 -8.159 1.1426
-0.7695 -8.149 1.1438
-0.76635 -8.139 1.1451
-0.76319 -8.129 1.1463
-0.76004 -8.119 1.1476
-0.75688 -8.109 1.1488
-0.75373 -8.099 1.1501
-0.75058 -8.089 1.1513
-0.74742 -8.079 1.1526
-0.74427 -8.069 1.1539
-0.74111 -8.059 1.1551
-0.73796 -8.049 1.1564
-0.7348 -8.039 1.1576
-0.73165 -8.029 1.1589
-0.7285 -8.019 1.1601
-0.72534 -8.009 1.1614
-0.72219 -7.999 1.1626
-0.71903 -7.989 1.1639
-0.71588 -7.979 1.1652
-0.71273 -7.969 1.1664
-0.70957 -7.959 1.1677
-0.70642 -7.949 1.1689
-0.70326 -7.939 1.1702
-0.70011 -7.929 1.1714
-0.69695 -7.919 1.1727
-0.6938 -7.909 1.1739
-0.69065 -7.899 1.1752
-0.68749 -7.889 1.1765
-0.68434 -7.879 1.1777
-0.68118 -7.869 1.179
-0.67803 -7.859 1.1802
-0.67488 -7.849 1.1815
-0.67172 -7.839 1.1827
-0.66857 -7.829 1.184
-0.66541 -7.819 1.1852
-0.66226 -7.809 1.1865
-0.65911 -7.799 1.1878
-0.65595 -7.789 1.189
-0.6528 -7.779 1.1903
-0.64964 -7.769 1.1915
-0.64649 -7.759 1.1928
-0.64333 -7.749 1.194
-0.64018 -7.739 1.1953
-0.63703 -7.729 1.1965
-0.63387 -7.719 1.1978
-0.63072 -7.709 1.1991
-0.62756 -7.699 1.2003
-0.62441 -7.689 1.2016
-0.62126 -7.679 1.2028
-0.6181 -7.669 1.2041
-0.61495 -7.659 1.2053
-0.61179 -7.649 1.2066
-0.60864 -7.639 1.2079
-0.60549 -7.629 1.2091
-0.60233 -7.619 1.2104
-0.59918 -7.609 1.2116
-0.59602 -7.599 1.2129
-0.59287 -7.589 1.2141
-0.58971 -7.579 1.2154
-0.58656 -7.569 1.2166
-0.58341 -7.559 1.2179
-0.58025 -7.549 1.2192
-0.5771 -7.539 1.2204
-0.57394 -7.529 1.2217
-0.57079 -7.519 1.2229
-0.56764 -7.509 1.2242
-0.56448 -7.499 1.2254
-0.56133 -7.489 1.2267
-0.55817 -7.479 1.2279
-0.55502 -7.469 1.2292
-0.55187 -7.459 1.2305
-0.54871 -7.449 1.2317
-0.54556 -7.439 1.233
-0.5424 -7.429 1.2342
-0.53925 -7.419 1.2355
-0.53609 -7.409 1.2367
-0.53294 -7.399 1.238
-0.52979 -7.389 1.2392
-0.52663 -7.379 1.2405
-0.52348 -7.369 1.2418
-0.52032 -7.359 1.243
-0.51717 -7.349 1.2443
-0.51402 -7.339 1.2455
-0.51086 -7.329 1.2468
-0.50771 -7.319 1.248
-0.50455 -7.309 1.2493
-0.5014 -7.299 1.2505
-0.49825 -7.289 1.2518
-0.49509 -7.279 1.2531
-0.49194 -7.269 1.2543
-0.48878 -7.259 1.2556
-0.48563 -7.249 1.2568
-0.48247 -7.239 1.2581
-0.47932 -7.229 1.2593
-0.47617 -7.219 1.2606
-0.47301 -7.209 1.2618
-0.46986 -7.199 1.2631
-0.4667 -7.189 1.2644
-0.46385 -7.179 1.2655
-0.46175 -7.169 1.2665
-0.45965 -7.159 1.2674
-0.45756 -7.149 1.2684
-0.45546 -7.139 1.2694
-0.45337 -7.129 1.2703
-0.45127 -7.119 1.2713
-0.44918 -7.109 1.2722
-0.44708 -7.099 1.2732
-0.44498 -7.089 1.2742
-0.44289 -7.079 1.2751
-0.44079 -7.069 1.2761
-0.4387 -7.059 1.277
-0.4366 -7.049 1.278
-0.43451 -7.039 1.2789
-0.43241 -7.029 1.2799
-0.43031 -7.019 1.2809
-0.42822 -7.009 1.2818
-0.42612 -6.999 1.2828
-0.42403 -6.989 1.2837
-0.42193 -6.979 1.2847
-0.41984 -6.969 1.2857
-0.41774 -6.959 1.2866
-0.41565 -6.949 1.2876
-0.41355 -6.939 1.2885
-0.41145 -6.929 1.2895
-0.40936 -6.919 1.2904
-0.40726 -6.909 1.2914
-0.40517 -6.899 1.2924
-0.40307 -6.889 1.2933
-0.40098 -6.879 1.2943
-0.39888 -6.869 1.2952
-0.39678 -6.859 1.2962
-0.39469 -6.849 1.2972
-0.39259 -6.839 1.2981
-0.3905 -6.829 1.2991
-0.3884 -6.819 1.3
-0.38631 -6.809 1.301
-0.38421 -6.799 1.3019
-0.38212 -6.789 1.3029
-0.38002 -6.779 1.3039
-0.37792 -6.769 1.3048
-0.37583 -6.759 1.3058
-0.37373 -6.749 1.3067
-0.37164 -6.739 1.3077
-0.36954 -6.729 1.3087
-0.36745 -6.719 1.3096
-0.36535 -6.709 1.3106
-0.36325 -6.699 1.3115
-0.36116 -6.689 1.3125
-0.35906 -6.679 1.3135
-0.35697 -6.669 1.3144
-0.35487 -6.659 1.3154
-0.35278 -6.649 1.3163
-0.35068 -6.639 1.3173
-0.34859 -6.629 1.3182
-0.34649 -6.619 1.3192
-0.34439 -6.609 1.3202
-0.3423 -6.599 1.3211
-0.3402 -6.589 1.3221
-0.33811 -6.579 1.323
-0.33601 -6.569 1.324
-0.33392 -6.559 1.325
-0.33182 -6.549 1.3259
-0.32972 -6.539 1.3269
-0.32763 -6.529 1.3278
-0.32553 -6.519 1.3288
-0.32344 -6.509 1.3297
-0.32134 -6.499 1.3307
-0.31925 -6.489 1.3317
-0.31715 -6.479 1.3326
-0.31506 -6.469 1.3336
-0.31296 -6.459 1.3345
-0.31086 -6.449 1.3355
-0.30877 -6.439 1.3365
-0.30667 -6.429 1.3374
-0.30458 -6.419 1.3384
-0.30248 -6.409 1.3393
-0.30039 -6.399 1.3403
-0.29829 -6.389 1.3412
-0.29619 -6.379 1.3422
-0.2941 -6.369 1.3432
-0.292 -6.359 1.3441
-0.28991 -6.349 1.3451
-0.28781 -6.339 1.346
-0.28572 -6.329 1.347
-0.28362 -6.319 1.348
-0.28152 -6.309 1.3489
-0.27943 -6.299 1.3499
-0.27733 -6.289 1.3508
-0.27524 -6.279 1.3518
-0.27314 -6.269 1.3527
-0.27105 -6.259 1.3537
-0.26895 -6.249 1.3547
-0.26686 -6.239 1.3556
-0.26476 -6.229 1.3566
-0.26266 -6.219 1.3575
-0.26057 -6.209 1.3585
-0.25847 -6.199 1.3595
-0.25638 -6.189 1.3604
-0.25428 -6.179 1.3614
-0.25219 -6.169 1.3623
-0.25009 -6.159 1.3633
-0.24802 -6.149 1.3642
-0.24668 -6.139 1.3649
-0.24535 -6.129 1.3656
-0.24402 -6.119 1.3663
-0.24269 -6.109 1.367
-0.24136 -6.099 1.3677
-0.24003 -6.089 1.3685
-0.23869 -6.079 1.3692
-0.23736 -6.069 1.3699
-0.23603 -6.059 1.3706
-0.2347 -6.049 1.3713
-0.23337 -6.039 1.372
-0.23203 -6.029 1.3727
-0.2307 -6.019 1.3734
-0.22937 -6.009 1.3741
-0.22804 -5.999 1.3748
-0.22671 -5.989 1.3755
-0.22538 -5.979 1.3762
-0.22404 -5.969 1.3769
-0.22271 -5.959 1.3776
-0.22138 -5.949 1.3783
-0.22005 -5.939 1.379
-0.21872 -5.929 1.3797
-0.21738 -5.919 1.3804
-0.21605 -5.909 1.3811
-0.21472 -5.899 1.3818
-0.21339 -5.889 1.3825
-0.21206 -5.879 1.3832
-0.21073 -5.869 1.3839
-0.20939 -5.859 1.3846
-0.20806 -5.849 1.3853
-0.20673 -5.839 1.386
-0.2054 -5.829 1.3867
-0.20407 -5.819 1.3874
-0.20274 -5.809 1.3881
-0.2014 -5.799 1.3888
-0.20007 -5.789 1.3895
-0.19874 -5.779 1.3902
-0.19741 -5.769 1.3909
-0.19608 -5.759 1.3916
-0.19474 -5.749 1.3923
-0.19341 -5.739 1.393
-0.19208 -5.729 1.3937
-0.19075 -5.719 1.3944
-0.18942 -5.709 1.3951
-0.18809 -5.699 1.3958
-0.18675 -5.689 1.3965
-0.18542 -5.679 1.3972
-0.18409 -5.669 1.3979
-0.18276 -5.659 1.3986
-0.18143 -5.649 1.3993
-0.18009 -5.639 1.4
-0.17876 -5.629 1.4007
-0.17743 -5.619 1.4014
-0.1761 -5.609 1.4021
-0.17477 -5.599 1.4028
-0.17344 -5.589 1.4035
-0.1721 -5.579 1.4042
-0.17077 -5.569 1.4049
-0.16944 -5.559 1.4056
-0.16811 -5.549 1.4063
-0.16678 -5.539 1.407
-0.16545 -5.529 1.4077
-0.16411 -5.519 1.4084
-0.16278 -5.509 1.4091
-0.16145 -5.499 1.4098
-0.16012 -5.489 1.4105
-0.15879 -5.479 1.4112
-0.15745 -5.469 1.4119
-0.15612 -5.459 1.4126
-0.15479 -5.449 1.4133
-0.15346 -5.439 1.4141
-0.15213 -5.429 1.4148
-0.1508 -5.419 1.4155
-0.14946 -5.409 1.4162
-0.14813 -5.399 1.4169
-0.1468 -5.389 1.4176
-0.14547 -5.379 1.4183
-0.14414 -5.369 1.419
-0.14281 -5.359 1.4197
-0.14147 -5.349 1.4204
-0.14014 -5.339 1.4211
-0.13881 -5.329 1.4218
-0.13748 -5.319 1.4225
-0.13615 -5.309 1.4232
-0.13481 -5.299 1.4239
-0.13348 -5.289 1.4246
-0.13215 -5.279 1.4253
-0.13082 -5.269 1.426
-0.12949 -5.259 1.4267
-0.12816 -5.249 1.4274
-0.12682 -5.239 1.4281
-0.12549 -5.229 1.4288
-0.12416 -5.219 1.4295
-0.12283 -5.209 1.4302
-0.1215 -5.199 1.4309
-0.12016 -5.189 1.4316
-0.11883 -5.179 1.4323
-0.1175 -5.169 1.433
-0.11617 -5.159 1.4337
-0.11484 -5.149 1.4344
-0.11351 -5.139 1.4351
-0.11217 -5.129 1.4358
-0.11084 -5.119 1.4365
-0.10951 -5.109 1.4372
-0.10818 -5.099 1.4379
-0.107 -5.089 1.4385
-0.10619 -5.079 1.439
-0.10538 -5.069 1.4395
-0.10457 -5.059 1.4399
-0.10376 -5.049 1.4404
-0.10295 -5.039 1.4409
-0.10214 -5.029 1.4414
-0.10133 -5.019 1.4418
-0.10052 -5.009 1.4423
-0.099708 -4.999 1.4428
-0.098898 -4.989 1.4432
-0.098088 -4.979 1.4437
-0.097277 -4.969 1.4442
-0.096467 -4.959 1.4446
-0.095657 -4.949 1.4451
-0.094846 -4.939 1.4456
-0.094036 -4.929 1.446
-0.093226 -4.919 1.4465
-0.092415 -4.909 1.447
-0.091605 -4.899 1.4475
-0.090795 -4.889 1.4479
-0.089985 -4.879 1.4484
-0.089174 -4.869 1.4489
-0.088364 -4.859 1.4493
-0.087554 -4.849 1.4498
-0.086743 -4.839 1.4503
-0.085933 -4.829 1.4507
-0.085123 -4.819 1.4512
-0.084312 -4.809 1.4517
-0.083502 -4.799 1.4521
-0.082692 -4.789 1.4526
-0.081882 -4.779 1.4531
-0.081071 -4.769 1.4535
-0.080261 -4.759 1.454
-0.079451 -4.749 1.4545
-0.07864 -4.739 1.455
-0.07783 -4.729 1.4554
-0.07702 -4.719 1.4559
-0.076209 -4.709 1.4564
-0.075399 -4.699 1.4568
-0.074589 -4.689 1.4573
-0.073779 -4.679 1.4578
-0.072968 -4.669 1.4582
-0.072158 -4.659 1.4587
-0.071348 -4.649 1.4592
-0.070537 -4.639 1.4596
-0.069727 -4.629 1.4601
-0.068917 -4.619 1.4606
-0.068106 -4.609 1.4611
-0.067296 -4.599 1.4615
-0.066486 -4.589 1.462
-0.065676 -4.579 1.4625
-0.064865 -4.569 1.4629
-0.064055 -4.559 1.4634
-0.063245 -4.549 1.4639
-0.062434 -4.539 1.4643
-0.061624 -4.529 1.4648
-0.060814 -4.519 1.4653
-0.060003 -4.509 1.4657
-0.059193 -4.499 1.4662
-0.058383 -4.489 1.4667
-0.057573 -4.479 1.4672
-0.056762 -4.469 1.4676
-0.055952 -4.459 1.4681
-0.055142 -4.449 1.4686
-0.054331 -4.439 1.469
-0.053521 -4.429 1.4695
-0.052711 -4.419 1.47
-0.0519 -4.409 1.4704
-0.05109 -4.399 1.4709
-0.05028 -4.389 1.4714
-0.04947 -4.379 1.4718
-0.048659 -4.369 1.4723
-0.047849 -4.359 1.4728
-0.047039 -4.349 1.4733
-0.046228 -4.339 1.4737
-0.045418 -4.329 1.4742
-0.044608 -4.319 1.4747
-0.043797 -4.309 1.4751
-0.042987 -4.299 1.4756
-0.042177 -4.289 1.4761
-0.041367 -4.279 1.4765
-0.040556 -4.269 1.477
-0.039746 -4.259 1.4775
-0.038936 -4.249 1.4779
-0.038125 -4.239 1.4784
-0.037315 -4.229 1.4789
-0.036505 -4.219 1.4794
-0.035694 -4.209 1.4798
-0.034884 -4.199 1.4803
-0.034074 -4.189 1.4808
-0.033264 -4.179 1.4812
-0.032453 -4.169 1.4817
-0.031643 -4.159 1.4822
-0.030833 -4.149 1.4826
-0.030022 -4.139 1.4831
-0.029212 -4.129 1.4836
-0.028402 -4.119 1.484
-0.027591 -4.109 1.4845
-0.026781 -4.099 1.485
-0.025971 -4.089 1.4855
-0.025161 -4.079 1.4859
-0.02435 -4.069 1.4864
-0.02354 -4.059 1.4869
-0.02273 -4.049 1.4873
-0.021919 -4.039 1.4878
-0.021109 -4.029 1.4883
-0.020299 -4.019 1.4887
-0.019488 -4.009 1.4892
-0.018678 -3.999 1.4897
-0.018001 -3.989 1.4901
-0.017497 -3.979 1.4903
-0.016994 -3.969 1.4906
-0.01649 -3.959 1.4909
-0.015986 -3.949 1.4912
-0.015482 -3.939 1.4914
-0.014979 -3.929 1.4917
-0.014475 -3.919 1.492
-0.013971 -3.909 1.4923
-0.013468 -3.899 1.4926
-0.012964 -3.889 1.4928
-0.01246 -3.879 1.4931
-0.011956 -3.869 1.4934
-0.011453 -3.859 1.4937
-0.010949 -3.849 1.4939
-0.010445 -3.839 1.4942
-0.0099414 -3.829 1.4945
-0.0094377 -3.819 1.4948
-0.008934 -3.809 1.495
-0.0084302 -3.799 1.4953
-0.0079265 -3.789 1.4956
-0.0074228 -3.779 1.4959
-0.006919 -3.769 1.4961
-0.0064153 -3.759 1.4964
-0.0059116 -3.749 1.4967
-0.0054078 -3.739 1.497
-0.0049041 -3.729 1.4972
-0.0044004 -3.719 1.4975
-0.0038967 -3.709 1.4978
-0.0033929 -3.699 1.4981
-0.0028892 -3.689 1.4984
-0.0023855 -3.679 1.4986
-0.0018817 -3.669 1.4989
-0.001378 -3.659 1.4992
-0.00087429 -3.649 1.4995
-0.00037056 -3.639 1.4997
0.00013317 -3.629 1.5
0.0006369 -3.619 1.5003
0.0011406 -3.609 1.5006
0.0016444 -3.599 1.5008
0.0021481 -3.589 1.5011
0.0026518 -3.579 1.5014
0.0031555 -3.569 1.5017
0.0036593 -3.559 1.5019
0.004163 -3.549 1.5022
0.0046667 -3.539 1.5025
0.0051705 -3.529 1.5028
0.0056742 -3.519 1.5031
0.0061779 -3.509 1.5033
0.0066817 -3.499 1.5036
0.0071854 -3.489 1.5039
0.0076891 -3.479 1.5042
0.0081928 -3.469 1.5044
0.0086966 -3.459 1.5047
0.0092003 -3.449 1.505
0.009704 -3.439 1.5053
0.010208 -3.429 1.5055
0.010711 -3.419 1.5058
0.011215 -3.409 1.5061
0.011719 -3.399 1.5064
0.012223 -3.389 1.5066
0.012726 -3.379 1.5069
0.01323 -3.369 1.5072
0.013734 -3.359 1.5075
0.014238 -3.349 1.5077
0.014741 -3.339 1.508
0.015245 -3.329 1.5083
0.015749 -3.319 1.5086
0.016253 -3.309 1.5089
0.016756 -3.299 1.5091
0.01726 -3.289 1.5094
0.017764 -3.279 1.5097
0.018267 -3.269 1.51
0.018771 -3.259 1.5102
0.019275 -3.249 1.5105
0.019779 -3.239 1.5108
0.020282 -3.229 1.5111
0.020786 -3.219 1.5113
0.02129 -3.209 1.5116
0.021794 -3.199 1.5119
0.022297 -3.189 1.5122
0.022801 -3.179 1.5124
0.023305 -3.169 1.5127
0.023808 -3.159 1.513
0.024312 -3.149 1.5133
0.024816 -3.139 1.5136
0.02532 -3.129 1.5138
0.025823 -3.119 1.5141
0.026327 -3.109 1.5144
0.026831 -3.099 1.5147
0.027335 -3.089 1.5149
0.027838 -3.079 1.5152
0.028342 -3.069 1.5155
0.028846 -3.059 1.5158
0.029349 -3.049 1.516
0.029853 -3.039 1.5163
0.030357 -3.029 1.5166
0.030861 -3.019 1.5169
0.031364 -3.009 1.5171
0.031868 -2.999 1.5174
0.032372 -2.989 1.5177
0.032876 -2.979 1.518
0.033379 -2.969 1.5183
0.033883 -2.959 1.5185
0.034387 -2.949 1.5188
0.03489 -2.939 1.5191
0.035394 -2.929 1.5194
0.035898 -2.919 1.5196
0.036402 -2.909 1.5199
0.036905 -2.899 1.5202
0.037409 -2.889 1.5205
0.037625 -2.879 1.5207
0.037837 -2.869 1.521
0.038048 -2.859 1.5212
0.038259 -2.849 1.5215
0.03847 -2.839 1.5217
0.038681 -2.829 1.522
0.038893 -2.819 1.5223
0.039104 -2.809 1.5225
0.039315 -2.799 1.5228
0.039526 -2.789 1.523
0.039737 -2.779 1.5233
0.039948 -2.769 1.5235
0.04016 -2.759 1.5238
0.040371 -2.749 1.5241
0.040582 -2.739 1.5243
0.040793 -2.729 1.5246
0.041004 -2.719 1.5248
0.041216 -2.709 1.5251
0.041427 -2.699 1.5253
0.041638 -2.689 1.5256
0.041849 -2.679 1.5259
0.04206 -2.669 1.5261
0.042271 -2.659 1.5264
0.042483 -2.649 1.5266
0.042694 -2.639 1.5269
0.042905 -2.629 1.5272
0.043116 -2.619 1.5274
0.043327 -2.609 1.5277
0.043539 -2.599 1.5279
0.04375 -2.589 1.5282
0.043961 -2.579 1.5284
0.044172 -2.569 1.5287
0.044383 -2.559 1.529
0.044594 -2.549 1.5292
0.044806 -2.539 1.5295
0.045017 -2.529 1.5297
0.045228 -2.519 1.53
0.045439 -2.509 1.5302
0.04565 -2.499 1.5305
0.045862 -2.489 1.5308
0.046073 -2.479 1.531
0.046284 -2.469 1.5313
0.046495 -2.459 1.5315
0.046706 -2.449 1.5318
0.046917 -2.439 1.532
0.047129 -2.429 1.5323
0.04734 -2.419 1.5326
0.047551 -2.409 1.5328
0.047762 -2.399 1.5331
0.047973 -2.389 1.5333
0.048185 -2.379 1.5336
0.048396 -2.369 1.5338
0.048607 -2.359 1.5341
0.048818 -2.349 1.5344
0.049029 -2.339 1.5346
0.04924 -2.329 1.5349
0.049452 -2.319 1.5351
0.049663 -2.309 1.5354
0.049874 -2.299 1.5356
0.050085 -2.289 1.5359
0.050296 -2.279 1.5362
0.050507 -2.269 1.5364
0.050719 -2.259 1.5367
0.05093 -2.249 1.5369
0.051141 -2.239 1.5372
0.051352 -2.229 1.5374
0.051563 -2.219 1.5377
0.051775 -2.209 1.538
0.051986 -2.199 1.5382
0.052197 -2.189 1.5385
0.052408 -2.179 1.5387
0.052619 -2.169 1.539
0.05283 -2.159 1.5392
0.053042 -2.149 1.5395
0.053253 -2.139 1.5398
0.053464 -2.129 1.54
0.053675 -2.119 1.5403
0.053886 -2.109 1.5405
0.054098 -2.099 1.5408
0.054309 -2.089 1.541
0.05452 -2.079 1.5413
0.054731 -2.069 1.5416
0.054942 -2.059 1.5418
0.055153 -2.049 1.5421
0.055365 -2.039 1.5423
0.055576 -2.029 1.5426
0.055787 -2.019 1.5428
0.055998 -2.009 1.5431
0.056209 -1.999 1.5434
0.056421 -1.989 1.5436
0.056632 -1.979 1.5439
0.056843 -1.969 1.5441
0.057054 -1.959 1.5444
0.057265 -1.949 1.5446
0.057476 -1.939 1.5449
0.057688 -1.929 1.5452
0.057899 -1.919 1.5454
0.05811 -1.909 1.5457
0.058321 -1.899 1.5459
0.058532 -1.889 1.5462
0.058744 -1.879 1.5464
0.058955 -1.869 1.5467
0.059166 -1.859 1.547
0.059377 -1.849 1.5472
0.059588 -1.839 1.5475
0.059799 -1.829 1.5477
0.060011 -1.819 1.548
0.060222 -1.809 1.5482
0.060433 -1.799 1.5485
0.060644 -1.789 1.5488
0.060855 -1.779 1.549
0.061067 -1.769 1.5493
0.061278 -1.759 1.5495
0.0614 -1.749 1.5498
0.0614 -1.739 1.5499
0.0614 -1.729 1.5501
0.0614 -1.719 1.5503
0.0614 -1.709 1.5505
0.0614 -1.699 1.5507
0.0614 -1.689 1.5509
0.0614 -1.679 1.5511
0.0614 -1.669 1.5512
0.0614 -1.659 1.5514
0.0614 -1.649 1.5516
0.0614 -1.639 1.5518
0.0614 -1.629 1.552
0.0614 -1.619 1.5522
0.0614 -1.609 1.5523
0.0614 -1.599 1.5525
0.0614 -1.589 1.5527
0.0614 -1.579 1.5529
0.0614 -1.569 1.5531
0.0614 -1.559 1.5533
0.0614 -1.549 1.5534
0.0614 -1.539 1.5536
0.0614 -1.529 1.5538
0.0614 -1.519 1.554
0.0614 -1.509 1.5542
0.0614 -1.499 1.5544
0.0614 -1.489 1.5546
0.0614 -1.479 1.5547
0.0614 -1.469 1.5549
0.0614 -1.459 1.5551
0.0614 -1.449 1.5553
0.0614 -1.439 1.5555
0.0614 -1.429 1.5557
0.0614 -1.419 1.5558
0.0614 -1.409 1.556
0.0614 -1.399 1.5562
0.0614 -1.389 1.5564
0.0614 -1.379 1.5566
0.0614 -1.369 1.5568
0.0614 -1.359 1.557
0.0614 -1.349 1.5571
0.0614 -1.339 1.5573
0.0614 -1.329 1.5575
0.0614 -1.319 1.5577
0.0614 -1.309 1.5579
0.0614 -1.299 1.5581
0.0614 -1.289 1.5582
0.0614 -1.279 1.5584
0.0614 -1.269 1.5586
0.0614 -1.259 1.5588
0.0614 -1.249 1.559
0.0614 -1.239 1.5592
0.0614 -1.229 1.5594
0.0614 -1.219 1.5595
0.0614 -1.209 1.5597
0.0614 -1.199 1.5599
0.0614 -1.189 1.5601
0.0614 -1.179 1.5603
0.0614 -1.169 1.5605
0.0614 -1.159 1.5606
0.0614 -1.149 1.5608
0.0614 -1.139 1.561
0.0614 -1.129 1.5612
0.0614 -1.119 1.5614
0.0614 -1.109 1.5616
0.0614 -1.099 1.5618
0.0614 -1.089 1.5619
0.0614 -1.079 1.5621
0.0614 -1.069 1.5623
0.0614 -1.059 1.5625
0.0614 -1.049 1.5627
0.0614 -1.039 1.5629
0.0614 -1.029 1.563
0.0614 -1.019 1.5632
0.0614 -1.009 1.5634
0.0614 -0.999 1.5636
0.0614 -0.989 1.5638
0.0614 -0.979 1.564
0.0614 -0.969 1.5642
0.0614 -0.959 1.5643
0.0614 -0.949 1.5645
0.0614 -0.939 1.5647
0.0614 -0.929 1.5649
0.0614 -0.919 1.5651
0.0614 -0.909 1.5653
0.0614 -0.899 1.5654
0.0614 -0.889 1.5656
0.0614 -0.879 1.5658
0.0614 -0.869 1.566
0.0614 -0.859 1.5662
0.0614 -0.849 1.5664
0.0614 -0.839 1.5666
0.0614 -0.829 1.5667
0.0614 -0.819 1.5669
0.0614 -0.809 1.5671
0.0614 -0.799 1.5673
0.0614 -0.789 1.5675
0.0614 -0.779 1.5677
0.0614 -0.769 1.5678
0.0614 -0.759 1.568
0.0614 -0.749 1.5682
0.0614 -0.739 1.5684
0.0614 -0.729 1.5686
0.0614 -0.719 1.5688
0.0614 -0.709 1.5689
0.0614 -0.699 1.5691
0.0614 -0.689 1.5693
0.0614 -0.679 1.5695
0.0614 -0.669 1.5697
0.0614 -0.659 1.5699
0.0614 -0.649 1.5701
0.0614 -0.639 1.5702
0.0614 -0.629 1.5704
0.0614 -0.619 1.5706
0.0614 -0.609 1.5708
