-0.000000 0.000000 -10.000000
-2.309600 0.000000 -10.000000
-2.309600 0.000000 -8.423700
-0.000000 0.000000 -8.423700
-2.664500 1.871200 -10.000000
-2.664500 1.871200 -8.423700
-1.935500 3.873500 -10.000000
-1.935500 3.873500 -8.423700
-0.000000 4.826800 -10.000000
-0.000000 4.826800 -8.423700
1.935500 3.873500 -10.000000
1.935500 3.873500 -8.423700
2.664500 1.871200 -10.000000
2.664500 1.871200 -8.423700
2.309600 0.000000 -10.000000
2.309600 0.000000 -8.423700
-2.859200 0.000000 -5.757800
-0.734900 0.000000 -5.369000
-3.183300 1.871200 -5.816400
-2.517000 3.873500 -5.695800
-0.219900 4.826800 -5.810200
1.280200 3.873500 -5.428400
2.149800 1.871200 -5.334700
1.809700 0.000000 -5.403700
10.000000 0.000000 -0.000000
10.000000 0.000000 -2.309600
7.266100 0.000000 -2.309600
7.266100 0.000000 -0.000000
10.000000 1.871200 -2.664500
7.266100 1.871200 -2.664500
10.000000 3.873500 -1.935500
7.266100 3.873500 -1.935500
10.000000 4.826800 -0.000000
7.266100 4.826800 -0.000000
10.000000 3.873500 1.935500
7.266100 3.873500 1.935500
10.000000 1.871200 2.664500
7.266100 1.871200 2.664500
10.000000 0.000000 2.309600
7.266100 0.000000 2.309600
4.768500 0.000000 -1.948700
4.409300 0.000000 0.495600
4.738300 1.871200 -2.287300
4.655100 3.873500 -1.514200
4.409300 4.826800 0.495600
4.570100 3.873500 2.322600
4.630400 1.871200 3.009400
4.601100 0.000000 2.675100
-5.804200 1.871200 1.985300
-4.150000 1.871200 4.200100
-3.917800 0.000000 3.926200
-5.492100 0.000000 1.880400
-5.162100 3.873500 1.770200
-3.672700 3.873500 3.637400
0.623700 0.000000 1.716700
-0.850100 0.000000 0.348000
-2.397700 0.000000 2.140900
0.626400 0.000000 2.949500
0.713200 1.871200 1.361100
-0.607800 1.871200 0.071700
0.529000 3.873500 2.090200
-1.103800 3.873500 0.639000
0.448000 4.826800 3.252900
-2.397700 4.826800 2.140900
0.047300 3.873500 4.110500
-0.048800 0.000000 4.476500
-0.140100 1.871200 4.823400
-1.886000 0.000000 -1.597400
-3.411700 0.000000 -0.281700
-1.543800 1.871200 -1.686300
-2.242000 3.873500 -1.500600
-3.411700 4.826800 -0.281700
-4.385000 0.000000 -3.507800
-1.250400 0.000000 -4.060900
-4.703100 1.871200 -3.484600
-4.048900 3.873500 -3.531900
-0.323300 4.826800 -4.402700
1.843900 3.873500 3.773800
2.857800 4.826800 0.660700
3.377900 1.871200 4.243400
3.408900 0.000000 3.902800
3.164000 0.000000 0.915600
-0.410900 3.873500 -2.609900
-2.075300 4.826800 -2.065000
-0.181700 1.871200 -2.741100
-0.054900 0.000000 -2.623000
1.800800 0.000000 -0.256900
1.830500 1.871200 -0.604000
1.769300 3.873500 0.108000
2.535700 -0.000200 -2.736600
2.435700 -0.000200 -3.124100
1.367900 -0.000200 -1.850100
1.553300 1.871000 -2.028600
1.174200 3.873300 -1.661100
1.940600 4.826700 -2.267100
2.435700 4.826700 -3.124100
3.494400 3.873300 -4.009800
3.811500 1.871000 -4.287400
3.656500 -0.000200 -4.152600
0.000000 0.000000 10.000000
2.309600 0.000000 10.000000
2.309600 0.000000 8.580800
0.000000 0.000000 8.580800
2.664500 1.871200 10.000000
2.664500 1.871200 8.580800
1.935500 3.873500 10.000000
1.935500 3.873500 8.580800
0.000000 4.826800 10.000000
0.000000 4.826800 8.580800
-1.935500 3.873500 10.000000
-1.935500 3.873500 8.580800
-2.664500 1.871200 10.000000
-2.664500 1.871200 8.580800
-2.309600 0.000000 10.000000
-2.309600 0.000000 8.580800
-10.000000 0.000000 0.000000
-10.000000 0.000000 2.309600
-8.580800 0.000000 2.309600
-8.580800 0.000000 -0.000000
-10.000000 1.871200 2.664500
-8.580800 1.871200 2.664500
-10.000000 3.873500 1.935500
-8.580800 3.873500 1.935500
-10.000000 4.826800 0.000000
-8.580800 4.826800 -0.000000
-10.000000 3.873500 -1.935500
-8.580800 3.873500 -1.935500
-10.000000 1.871200 -2.664500
-8.580800 1.871200 -2.664500
-10.000000 0.000000 -2.309600
-8.580800 0.000000 -2.309600
0.224000 4.826800 5.916800
-1.632100 3.873500 6.345600
0.672800 4.826800 3.647900
0.336400 4.826800 6.114300
1.889700 3.873500 6.177300
2.704200 1.871200 6.626400
2.542200 0.000000 6.456100
-1.867200 0.000000 6.528600
-2.090300 1.871200 6.702100
-7.036400 0.000000 2.095000
-7.192500 1.871200 2.324900
-6.372200 0.000000 -2.490000
-6.531300 1.871200 -2.655900
-6.204200 3.873500 -2.315100
-5.456100 4.826800 -1.467700
-5.996200 4.826800 -0.140800
-6.871500 3.873500 1.852900
-3.390500 4.826800 -2.571300

